1 0.43203125 0.359375 0.2453125 0.109375
1 0.66640625 0.8125 0.1046875 0.0546875
1 0.578125 0.0546875 0.096875 0.0609375
1 0.63828125 0.38359375 0.13125 0.05625
1 0.628125 0.25 0.140625 0.075
1 0.61796875 0.15078125 0.1484375 0.096875
1 0.6109375 0.08203125 0.15625 0.0953125
1 0.70078125 0.70625 0.1859375 0.1015625
1 0.6703125 0.4890625 0.128125 0.0671875
1 0.6640625 0.434375 0.0875 0.040625
1 0.6953125 0.58203125 0.1703125 0.075
1 0.7296875 0.7703125 0.2515625 0.1484375
2 0.784375 0.88359375 0.3875 0.2078125