1 0.415625 0.48515625 0.1109375 0.0796875
1 0.42421875 0.15625 0.11875 0.0796875
1 0.22109375 0.90234375 0.0890625 0.0640625
1 0.26796875 0.69765625 0.1640625 0.1234375
1 0.29609375 0.575 0.146875 0.0921875
1 0.3078125 0.528125 0.1375 0.0921875
1 0.2109375 0.87890625 0.1859375 0.15
1 0.28125 0.6140625 0.134375 0.084375
1 0.23046875 0.790625 0.1515625 0.109375
1 0.37265625 0.25390625 0.1953125 0.1265625
1 0.33671875 0.3703125 0.1890625 0.115625
1 0.38515625 0.184375 0.2828125 0.1953125
2 0.378125 0.08359375 0.35625 0.1671875