1 0.275 0.8875 0.1734375 0.1140625
1 0.33515625 0.13203125 0.1484375 0.090625
1 0.26796875 0.81640625 0.1421875 0.0890625
1 0.25703125 0.91484375 0.0796875 0.0625
1 0.3140625 0.2453125 0.15625 0.084375
1 0.27890625 0.57109375 0.1671875 0.0703125
1 0.284375 0.45703125 0.1125 0.0578125
1 0.26796875 0.62265625 0.153125 0.059375
1 0.2765625 0.51328125 0.128125 0.0546875
1 0.25625 0.70546875 0.1484375 0.0671875
1 0.2859375 0.16484375 0.240625 0.1640625
1 0.26640625 0.36171875 0.203125 0.1046875
2 0.28203125 0.0796875 0.3828125 0.159375