1 0.64609375 0.3890625 0.1109375 0.2578125
1 0.1828125 0.70234375 0.0578125 0.10625
1 0.95078125 0.55625 0.06875 0.1015625
1 0.5125 0.65078125 0.1015625 0.1484375
1 0.56484375 0.640625 0.0671875 0.0953125
1 0.7546875 0.6 0.0765625 0.159375
1 0.61875 0.63046875 0.096875 0.121875
1 0.84921875 0.5875 0.0921875 0.15625
1 0.92578125 0.57265625 0.1078125 0.128125
1 0.4234375 0.6890625 0.0953125 0.15
1 0.31484375 0.71953125 0.1484375 0.209375
1 0.24453125 0.73984375 0.1625 0.2265625
2 0.13203125 0.7890625 0.2265625 0.365625