1 0.55703125 0.6140625 0.0796875 0.0640625
1 0.2203125 0.73515625 0.0796875 0.121875
1 0.65859375 0.6359375 0.0796875 0.15625
1 0.97421875 0.56328125 0.0484375 0.0921875
1 0.78125 0.6125 0.0890625 0.1421875
1 0.88046875 0.5921875 0.1171875 0.1828125
1 0.94765625 0.57265625 0.1015625 0.1515625
1 0.2625 0.7484375 0.1734375 0.259375
1 0.703125 0.63984375 0.0796875 0.153125
1 0.59609375 0.66796875 0.071875 0.103125
1 0.4515625 0.70546875 0.1203125 0.175
1 0.33515625 0.7375 0.1375 0.1875
2 0.15546875 0.8203125 0.2515625 0.35625