1 0.74921875 0.46796875 0.103125 0.1734375
1 0.14140625 0.61015625 0.065625 0.109375
1 0.9 0.6796875 0.046875 0.0859375
1 0.5234375 0.6703125 0.0421875 0.0890625
1 0.57109375 0.67421875 0.0484375 0.153125
1 0.87890625 0.6921875 0.1046875 0.16875
1 0.8015625 0.690625 0.0828125 0.1453125
1 0.24609375 0.66171875 0.090625 0.1828125
1 0.6234375 0.6828125 0.0546875 0.1375
1 0.45546875 0.67421875 0.053125 0.103125
1 0.17421875 0.6640625 0.1390625 0.21875
1 0.36796875 0.678125 0.0796875 0.1609375
2 0.07890625 0.70625 0.1578125 0.38125