1 0.26796875 0.87734375 0.1625 0.0890625
1 0.328125 0.14921875 0.1203125 0.0625
1 0.25625 0.92890625 0.096875 0.0765625
1 0.2640625 0.8046875 0.146875 0.08125
1 0.27734375 0.5796875 0.128125 0.0609375
1 0.27578125 0.52734375 0.10625 0.05625
1 0.29609375 0.253125 0.165625 0.0890625
1 0.3015625 0.18046875 0.2 0.128125
1 0.2546875 0.70703125 0.1375 0.084375
1 0.26015625 0.63203125 0.134375 0.0671875
1 0.27265625 0.46640625 0.11875 0.046875
1 0.2734375 0.36796875 0.1625 0.0734375
2 0.26484375 0.07421875 0.3609375 0.1484375