1 0.50234375 0.5421875 0.1140625 0.084375
1 0.31171875 0.1703125 0.109375 0.075
1 0.3859375 0.83359375 0.1875 0.0875
1 0.35390625 0.60546875 0.1546875 0.071875
1 0.36953125 0.740625 0.165625 0.084375
1 0.38984375 0.9421875 0.0625 0.053125
1 0.2984375 0.28984375 0.165625 0.0875
1 0.34453125 0.6609375 0.15 0.0609375
1 0.31875 0.48828125 0.134375 0.06875
1 0.303125 0.4140625 0.203125 0.090625
1 0.3640625 0.92421875 0.1546875 0.1046875
1 0.26171875 0.21953125 0.2796875 0.1609375
2 0.2 0.10859375 0.35625 0.190625