1 0.30703125 0.1703125 0.1328125 0.06875
1 0.40078125 0.940625 0.0875 0.0703125
1 0.35234375 0.60859375 0.1328125 0.0625
1 0.38046875 0.90625 0.165625 0.109375
1 0.37109375 0.8375 0.146875 0.09375
1 0.32890625 0.49765625 0.115625 0.0453125
1 0.34921875 0.6640625 0.1265625 0.0609375
1 0.35703125 0.7484375 0.1875 0.084375
1 0.33125 0.5515625 0.1078125 0.0609375
1 0.29375 0.2875 0.19375 0.121875
1 0.3015625 0.40546875 0.1640625 0.08125
1 0.26484375 0.2109375 0.265625 0.1640625
2 0.21875 0.1046875 0.375 0.1890625