1 0.7484375 0.48125 0.1171875 0.2171875
1 0.14453125 0.621875 0.053125 0.1109375
1 0.915625 0.68515625 0.053125 0.090625
1 0.58125 0.66796875 0.05625 0.128125
1 0.8109375 0.6828125 0.0890625 0.1453125
1 0.25703125 0.6609375 0.084375 0.175
1 0.528125 0.675 0.046875 0.0890625
1 0.4671875 0.67421875 0.0453125 0.1015625
1 0.63515625 0.68515625 0.075 0.1375
1 0.87890625 0.70390625 0.090625 0.15625
1 0.37421875 0.68046875 0.0671875 0.1671875
1 0.1890625 0.671875 0.121875 0.2546875
2 0.07890625 0.6984375 0.1578125 0.359375