1 0.58515625 0.50078125 0.1046875 0.065625
1 0.62890625 0.828125 0.1140625 0.0640625
1 0.7125 0.05859375 0.0859375 0.0515625
1 0.69765625 0.26875 0.153125 0.103125
1 0.6890625 0.39453125 0.140625 0.0734375
1 0.68515625 0.4421875 0.13125 0.075
1 0.7265625 0.08046875 0.1734375 0.128125
1 0.6984375 0.353125 0.1296875 0.065625
1 0.72109375 0.1703125 0.14375 0.0890625
1 0.6640625 0.7234375 0.1875 0.1015625
1 0.68203125 0.60234375 0.1828125 0.090625
1 0.6625 0.79375 0.2703125 0.159375
2 0.69296875 0.91484375 0.3390625 0.1671875