1 0.5359375 0.28828125 0.1515625 0.0453125
1 0.6203125 0.85703125 0.1171875 0.078125
1 0.6703125 0.41484375 0.121875 0.0515625
1 0.69453125 0.0875 0.08125 0.0484375
1 0.66875 0.53828125 0.109375 0.0484375
1 0.65625 0.7484375 0.1875 0.109375
1 0.6984375 0.19375 0.1515625 0.090625
1 0.67890625 0.475 0.0984375 0.040625
1 0.70390625 0.121875 0.1453125 0.0953125
1 0.66953125 0.628125 0.1703125 0.0734375
1 0.66171875 0.82734375 0.2359375 0.175
1 0.6953125 0.37421875 0.153125 0.0609375
2 0.7015625 0.92890625 0.3875 0.1390625