1 0.68046875 0.425 0.05625 0.2140625
1 0.9125 0.665625 0.0671875 0.0828125
1 0.825 0.68359375 0.0859375 0.1546875
1 0.14453125 0.69609375 0.0484375 0.1078125
1 0.39609375 0.69140625 0.065625 0.1625
1 0.60078125 0.68984375 0.05 0.1265625
1 0.27109375 0.703125 0.096875 0.1890625
1 0.71875 0.69609375 0.06875 0.1421875
1 0.53359375 0.703125 0.0296875 0.1125
1 0.1921875 0.715625 0.1296875 0.2734375
1 0.47578125 0.7109375 0.05 0.1015625
1 0.64609375 0.71484375 0.075 0.1640625
2 0.096875 0.765625 0.190625 0.365625