1 0.48984375 0.17578125 0.25625 0.15
1 0.65859375 0.85078125 0.125 0.059375
1 0.6546875 0.40859375 0.121875 0.0515625
1 0.66875 0.4609375 0.090625 0.04375
1 0.6453125 0.10078125 0.1703125 0.1109375
1 0.690625 0.73359375 0.1859375 0.1046875
1 0.6453125 0.07109375 0.09375 0.0609375
1 0.67890625 0.51953125 0.1 0.046875
1 0.67265625 0.353125 0.14375 0.053125
1 0.67265625 0.278125 0.146875 0.0578125
1 0.7109375 0.80390625 0.2546875 0.1421875
1 0.69921875 0.61640625 0.1578125 0.0859375
2 0.73359375 0.9078125 0.39375 0.1765625