1 0.4859375 0.16796875 0.2140625 0.1390625
1 0.65 0.84921875 0.0875 0.0625
1 0.6578125 0.403125 0.1265625 0.046875
1 0.6875 0.73359375 0.1890625 0.0875
1 0.66875 0.45859375 0.0921875 0.0328125
1 0.67421875 0.5171875 0.1171875 0.0421875
1 0.64375 0.06640625 0.0875 0.053125
1 0.69921875 0.8 0.2484375 0.1421875
1 0.690625 0.61015625 0.19375 0.053125
1 0.6734375 0.35078125 0.1546875 0.0671875
1 0.67109375 0.27578125 0.153125 0.0671875
1 0.66015625 0.09453125 0.1546875 0.103125
2 0.74296875 0.9015625 0.3921875 0.1890625