1 0.50546875 0.50234375 0.0796875 0.0578125
1 0.60390625 0.825 0.1453125 0.0609375
1 0.66328125 0.4046875 0.1703125 0.0640625
1 0.6921875 0.27265625 0.1515625 0.0765625
1 0.72421875 0.07265625 0.071875 0.05625
1 0.72109375 0.17421875 0.2078125 0.0953125
1 0.64609375 0.79140625 0.2421875 0.1375
1 0.65390625 0.72421875 0.2546875 0.1296875
1 0.68671875 0.46640625 0.090625 0.0359375
1 0.703125 0.36015625 0.140625 0.0609375
1 0.73515625 0.10546875 0.2015625 0.1171875
1 0.678125 0.61796875 0.1875 0.090625
2 0.71640625 0.91640625 0.4390625 0.1640625