1 0.453125 0.471875 0.1359375 0.075
1 0.31796875 0.1890625 0.125 0.0671875
1 0.3640625 0.96171875 0.0859375 0.065625
1 0.35390625 0.846875 0.165625 0.1171875
1 0.3359375 0.68046875 0.1625 0.0515625
1 0.32890625 0.6265625 0.1328125 0.046875
1 0.33671875 0.765625 0.14375 0.0734375
1 0.31796875 0.56796875 0.0953125 0.040625
1 0.30703125 0.425 0.1625 0.071875
1 0.3390625 0.9375 0.1515625 0.1140625
1 0.2890625 0.23671875 0.209375 0.1171875
1 0.2859375 0.29296875 0.2296875 0.128125
2 0.19765625 0.09609375 0.3953125 0.1796875