1 0.628125 0.5390625 0.140625 0.19375
1 0.90390625 0.734375 0.0921875 0.1078125
1 0.553125 0.66796875 0.10625 0.1578125
1 0.10859375 0.57421875 0.1015625 0.15
1 0.68515625 0.70078125 0.0859375 0.153125
1 0.23984375 0.61015625 0.1453125 0.1890625
1 0.1578125 0.59609375 0.1765625 0.2421875
1 0.7796875 0.7375 0.1015625 0.171875
1 0.49609375 0.68828125 0.08125 0.134375
1 0.86875 0.76875 0.1484375 0.1859375
1 0.43671875 0.67734375 0.096875 0.15625
1 0.3328125 0.6640625 0.13125 0.20625
2 0.0671875 0.6265625 0.134375 0.365625