1 0.82109375 0.58359375 0.16875 0.2296875
1 0.12265625 0.54140625 0.0734375 0.0953125
1 0.546875 0.67890625 0.0640625 0.1296875
1 0.221875 0.61171875 0.1140625 0.196875
1 0.490625 0.6734375 0.046875 0.09375
1 0.43203125 0.66171875 0.059375 0.1203125
1 0.87265625 0.7640625 0.0640625 0.0921875
1 0.1546875 0.603125 0.1765625 0.2625
1 0.33828125 0.65 0.0828125 0.1953125
1 0.5921875 0.709375 0.0890625 0.1609375
1 0.66484375 0.72890625 0.0890625 0.159375
1 0.840625 0.771875 0.125 0.165625
2 0.084375 0.61484375 0.16875 0.4078125