1 0.54609375 0.18125 0.0953125 0.053125
1 0.590625 0.884375 0.1203125 0.0703125
1 0.73515625 0.2234375 0.1671875 0.09375
1 0.75625 0.1453125 0.203125 0.11875
1 0.71953125 0.32421875 0.171875 0.06875
1 0.67421875 0.5640625 0.1203125 0.05625
1 0.69140625 0.4984375 0.1328125 0.075
1 0.7203125 0.39921875 0.1453125 0.0859375
1 0.709375 0.46171875 0.1703125 0.096875
1 0.646875 0.775 0.21875 0.125
1 0.6390625 0.85703125 0.2734375 0.1578125
1 0.68359375 0.66640625 0.1921875 0.1109375
2 0.66796875 0.93515625 0.3953125 0.1265625