1 0.2875 0.18515625 0.1296875 0.0609375
1 0.4203125 0.9453125 0.084375 0.0546875
1 0.35390625 0.61796875 0.128125 0.0640625
1 0.38984375 0.84609375 0.159375 0.103125
1 0.334375 0.56328125 0.1140625 0.059375
1 0.3671875 0.75390625 0.15625 0.090625
1 0.31875 0.50390625 0.1015625 0.0546875
1 0.390625 0.915625 0.1359375 0.0984375
1 0.34921875 0.6796875 0.146875 0.0859375
1 0.275 0.30234375 0.1734375 0.11875
1 0.290625 0.4125 0.1890625 0.1109375
1 0.2578125 0.24453125 0.228125 0.146875
2 0.1875 0.1234375 0.375 0.209375