1 0.684375 0.82265625 0.11875 0.06875
1 0.590625 0.0578125 0.1109375 0.0546875
1 0.6578125 0.4375 0.10625 0.0640625
1 0.6671875 0.48984375 0.1125 0.0609375
1 0.65390625 0.38046875 0.1578125 0.05625
1 0.6140625 0.09609375 0.1546875 0.10625
1 0.70234375 0.70546875 0.165625 0.0984375
1 0.63828125 0.2484375 0.190625 0.103125
1 0.6265625 0.1546875 0.153125 0.096875
1 0.690625 0.5875 0.1484375 0.0671875
1 0.65859375 0.3328125 0.146875 0.0796875
1 0.7296875 0.77734375 0.25 0.1578125
2 0.77265625 0.8765625 0.365625 0.221875