1 0.4796875 0.50546875 0.115625 0.08125
1 0.37265625 0.171875 0.1125 0.0546875
1 0.33359375 0.61328125 0.1609375 0.0609375
1 0.2953125 0.93984375 0.1046875 0.059375
1 0.3078125 0.740625 0.15625 0.06875
1 0.29375 0.8375 0.1640625 0.0875
1 0.33671875 0.2828125 0.1890625 0.109375
1 0.2734375 0.9125 0.165625 0.15
1 0.315625 0.39375 0.165625 0.1140625
1 0.303125 0.5296875 0.1125 0.0515625
1 0.2921875 0.64453125 0.1453125 0.0609375
1 0.3203125 0.2125 0.2609375 0.1671875
2 0.3046875 0.1078125 0.346875 0.215625