1 0.46796875 0.7125 0.1515625 0.0421875
1 0.37421875 0.1453125 0.115625 0.0765625
1 0.33125 0.58828125 0.1203125 0.05
1 0.3125 0.915625 0.0796875 0.0484375
1 0.33046875 0.46484375 0.1078125 0.046875
1 0.3390625 0.2546875 0.1859375 0.10625
1 0.30703125 0.81015625 0.1515625 0.0890625
1 0.321875 0.528125 0.0984375 0.0390625
1 0.30234375 0.88125 0.14375 0.09375
1 0.328125 0.375 0.16875 0.0703125
1 0.33203125 0.175 0.2328125 0.1703125
1 0.30703125 0.62890625 0.153125 0.0578125
2 0.29140625 0.0703125 0.3828125 0.140625