1 0.69375 0.47421875 0.103125 0.21875
1 0.85546875 0.76640625 0.0828125 0.0953125
1 0.76640625 0.7609375 0.1171875 0.16875
1 0.10625 0.59765625 0.071875 0.1140625
1 0.35 0.65859375 0.1 0.171875
1 0.5484375 0.709375 0.0765625 0.1328125
1 0.2265625 0.6375 0.1359375 0.2046875
1 0.6609375 0.74609375 0.0984375 0.1515625
1 0.4796875 0.7046875 0.0546875 0.115625
1 0.146875 0.628125 0.1875 0.29375
1 0.421875 0.696875 0.071875 0.109375
1 0.58515625 0.7453125 0.109375 0.175
2 0.08828125 0.65234375 0.1765625 0.3984375