1 0.64765625 0.85078125 0.11875 0.0625
1 0.65546875 0.171875 0.159375 0.0453125
1 0.6578125 0.4046875 0.1296875 0.04375
1 0.66015625 0.51875 0.115625 0.046875
1 0.6625 0.0984375 0.1421875 0.109375
1 0.66328125 0.73046875 0.18125 0.071875
1 0.66640625 0.271875 0.13125 0.04375
1 0.6671875 0.07265625 0.096875 0.046875
1 0.66875 0.459375 0.090625 0.04375
1 0.6703125 0.79609375 0.2125 0.11875
1 0.671875 0.3578125 0.178125 0.04375
1 0.67421875 0.61171875 0.1609375 0.0484375
2 0.72265625 0.92734375 0.3140625 0.1421875