1 0.5640625 0.50859375 0.2171875 0.1171875
1 0.3453125 0.85703125 0.146875 0.075
1 0.3328125 0.61953125 0.1234375 0.040625
1 0.303125 0.1859375 0.10625 0.053125
1 0.3078125 0.425 0.1921875 0.09375
1 0.33203125 0.94296875 0.1859375 0.1109375
1 0.3328125 0.9671875 0.128125 0.0625
1 0.29453125 0.30390625 0.1703125 0.0875
1 0.30625 0.559375 0.14375 0.0703125
1 0.31484375 0.7640625 0.15625 0.075
1 0.30703125 0.67421875 0.1359375 0.053125
1 0.2734375 0.234375 0.23125 0.1453125
2 0.21796875 0.1140625 0.4359375 0.221875