1 0.51484375 0.7484375 0.21875 0.1203125
1 0.384375 0.14296875 0.1125 0.0546875
1 0.3078125 0.9125 0.090625 0.0546875
1 0.33046875 0.578125 0.128125 0.059375
1 0.31171875 0.8078125 0.1453125 0.090625
1 0.34296875 0.25390625 0.1765625 0.0875
1 0.32421875 0.525 0.090625 0.0484375
1 0.3265625 0.4640625 0.103125 0.046875
1 0.3125 0.63203125 0.1390625 0.078125
1 0.28984375 0.875 0.15625 0.09375
1 0.321875 0.37109375 0.1671875 0.0703125
1 0.33359375 0.1859375 0.25625 0.1265625
2 0.31015625 0.078125 0.3609375 0.15625