1 0.56328125 0.64296875 0.24375 0.1015625
1 0.34453125 0.18203125 0.103125 0.0515625
1 0.40703125 0.94296875 0.0953125 0.0578125
1 0.3578125 0.61171875 0.1296875 0.0515625
1 0.36328125 0.7453125 0.1390625 0.0703125
1 0.36953125 0.8453125 0.146875 0.0921875
1 0.37421875 0.9140625 0.1546875 0.090625
1 0.30625 0.28671875 0.184375 0.096875
1 0.32890625 0.5046875 0.1265625 0.0625
1 0.33359375 0.56015625 0.0875 0.0390625
1 0.3078125 0.4109375 0.16875 0.0703125
1 0.2796875 0.221875 0.2484375 0.140625
2 0.2296875 0.10546875 0.38125 0.196875