1 0.828125 0.69140625 0.075 0.1578125
1 0.90859375 0.69453125 0.0734375 0.1265625
1 0.96015625 0.69765625 0.071875 0.128125
1 0.15234375 0.68203125 0.0421875 0.109375
1 0.53828125 0.7015625 0.075 0.1375
1 0.59375 0.70234375 0.096875 0.18125
1 0.4765625 0.7015625 0.075 0.1546875
1 0.39296875 0.70234375 0.078125 0.1875
1 0.73359375 0.7078125 0.096875 0.153125
1 0.26640625 0.70546875 0.0890625 0.1734375
1 0.64765625 0.7125 0.05 0.1234375
1 0.2078125 0.73359375 0.1296875 0.2359375
2 0.08671875 0.78984375 0.1734375 0.3890625