1 0.459375 0.5828125 0.053125 0.11875
1 0.153125 0.58828125 0.05 0.0921875
1 0.87890625 0.75625 0.1453125 0.1609375
1 0.91484375 0.76796875 0.0765625 0.1015625
1 0.80234375 0.7453125 0.1125 0.175
1 0.58828125 0.703125 0.1046875 0.190625
1 0.71796875 0.73046875 0.08125 0.15625
1 0.18828125 0.62421875 0.140625 0.2109375
1 0.26328125 0.64375 0.1328125 0.1953125
1 0.51171875 0.6984375 0.0703125 0.13125
1 0.63671875 0.725 0.0875 0.1375
1 0.37578125 0.6734375 0.1375 0.215625
2 0.09296875 0.66484375 0.1859375 0.4421875