1 0.53671875 0.475 0.16875 0.109375
1 0.42421875 0.1421875 0.1796875 0.115625
1 0.25234375 0.8046875 0.1796875 0.1171875
1 0.27265625 0.7046875 0.1875 0.1109375
1 0.22109375 0.89765625 0.1046875 0.0765625
1 0.38125 0.2390625 0.196875 0.140625
1 0.31171875 0.50703125 0.1421875 0.078125
1 0.2828125 0.6140625 0.1375 0.0859375
1 0.296875 0.55859375 0.15625 0.090625
1 0.215625 0.8640625 0.1921875 0.128125
1 0.328125 0.3640625 0.1671875 0.0921875
1 0.3625 0.17734375 0.2484375 0.1859375
2 0.3640625 0.0828125 0.4125 0.165625