1 0.64296875 0.3546875 0.096875 0.146875
1 0.14765625 0.63125 0.046875 0.071875
1 0.92109375 0.6453125 0.04375 0.071875
1 0.89609375 0.6515625 0.084375 0.1765625
1 0.60546875 0.65390625 0.05 0.1453125
1 0.825 0.65625 0.08125 0.14375
1 0.728125 0.65703125 0.0515625 0.146875
1 0.47578125 0.66484375 0.0375 0.13125
1 0.53046875 0.66640625 0.03125 0.10625
1 0.20546875 0.671875 0.0765625 0.2125
1 0.2703125 0.6765625 0.08125 0.171875
1 0.390625 0.69296875 0.06875 0.190625
2 0.0765625 0.73359375 0.153125 0.41875