1 0.40234375 0.615625 0.25 0.171875
1 0.62265625 0.98046875 0.1140625 0.0359375
1 0.76171875 0.203125 0.253125 0.1359375
1 0.790625 0.078125 0.1203125 0.0609375
1 0.76171875 0.3203125 0.2046875 0.0921875
1 0.7703125 0.2671875 0.1859375 0.0953125
1 0.71796875 0.6109375 0.175 0.0625
1 0.66796875 0.92265625 0.3453125 0.1515625
1 0.759375 0.375 0.20625 0.090625
1 0.74609375 0.553125 0.1296875 0.04375
1 0.7671875 0.425 0.159375 0.0734375
1 0.76796875 0.48359375 0.175 0.0765625
1 0.7296875 0.746875 0.16875 0.0984375
1 0.8375 0.12109375 0.1484375 0.1171875