1 0.2625 0.19765625 0.140625 0.0703125
1 0.4203125 0.9609375 0.13125 0.075
1 0.27578125 0.3109375 0.20625 0.13125
1 0.34375 0.6375 0.159375 0.078125
1 0.3890625 0.86328125 0.1828125 0.103125
1 0.30625 0.5109375 0.1296875 0.090625
1 0.39609375 0.9375 0.14375 0.0953125
1 0.3375 0.68203125 0.203125 0.1078125
1 0.31171875 0.5765625 0.1234375 0.0734375
1 0.23984375 0.246875 0.2796875 0.165625
1 0.34921875 0.7640625 0.2046875 0.1140625
1 0.26953125 0.4328125 0.2390625 0.1390625
2 0.19375 0.14765625 0.3875 0.2546875