1 0.49296875 0.7921875 0.18125 0.08125
1 0.35546875 0.146875 0.1140625 0.06875
1 0.353125 0.59140625 0.146875 0.053125
1 0.3359375 0.53671875 0.084375 0.0390625
1 0.3296875 0.259375 0.1640625 0.09375
1 0.334375 0.64140625 0.1546875 0.059375
1 0.33671875 0.9265625 0.0765625 0.0515625
1 0.328125 0.47265625 0.11875 0.0390625
1 0.321875 0.1875 0.2109375 0.11875
1 0.32890625 0.7203125 0.1703125 0.059375
1 0.31953125 0.38203125 0.1546875 0.0671875
1 0.31328125 0.8921875 0.1484375 0.0953125
2 0.284375 0.0734375 0.31875 0.1453125