1 0.5765625 0.1875 0.234375 0.1828125
1 0.59375 0.88203125 0.153125 0.0765625
1 0.61640625 0.76796875 0.1796875 0.1109375
1 0.67578125 0.43671875 0.159375 0.0734375
1 0.665625 0.56171875 0.084375 0.05625
1 0.74609375 0.11796875 0.09375 0.0734375
1 0.70078125 0.3859375 0.165625 0.109375
1 0.68359375 0.4953125 0.1171875 0.059375
1 0.625 0.8421875 0.2265625 0.1359375
1 0.75 0.146875 0.1828125 0.134375
1 0.66328125 0.65078125 0.146875 0.0796875
1 0.721875 0.3171875 0.1578125 0.0890625
2 0.64140625 0.9203125 0.3734375 0.15625