1 0.4859375 0.56953125 0.0671875 0.1375
1 0.19765625 0.69609375 0.075 0.11875
1 0.96875 0.621875 0.059375 0.08125
1 0.30859375 0.69140625 0.115625 0.221875
1 0.63359375 0.6578125 0.0625 0.1296875
1 0.42890625 0.68046875 0.09375 0.171875
1 0.584375 0.6640625 0.0578125 0.1328125
1 0.7671875 0.64921875 0.08125 0.140625
1 0.684375 0.6609375 0.065625 0.1328125
1 0.86484375 0.64296875 0.109375 0.1578125
1 0.93828125 0.640625 0.1203125 0.184375
1 0.246875 0.7390625 0.1421875 0.2546875
2 0.1140625 0.78828125 0.209375 0.38125