1 0.48125 0.4453125 0.078125 0.1734375
1 0.16875 0.6421875 0.0296875 0.11875
1 0.60625 0.66328125 0.040625 0.1625
1 0.8421875 0.67265625 0.090625 0.1578125
1 0.90703125 0.678125 0.0859375 0.1609375
1 0.9421875 0.6796875 0.05625 0.0953125
1 0.665625 0.6765625 0.0625 0.1546875
1 0.278125 0.67265625 0.096875 0.1734375
1 0.54765625 0.68203125 0.0359375 0.090625
1 0.75 0.68984375 0.0734375 0.140625
1 0.4 0.6859375 0.05 0.1578125
1 0.20703125 0.71015625 0.1421875 0.265625
2 0.0890625 0.73984375 0.178125 0.3828125