1 0.5546875 0.8171875 0.09375 0.04375
1 0.29453125 0.1625 0.1171875 0.059375
1 0.36171875 0.8359375 0.1640625 0.078125
1 0.365625 0.91640625 0.1984375 0.1
1 0.3453125 0.734375 0.171875 0.0515625
1 0.31484375 0.49296875 0.11875 0.0453125
1 0.31875 0.5609375 0.1296875 0.0625
1 0.321875 0.6640625 0.140625 0.0734375
1 0.3125 0.6015625 0.165625 0.08125
1 0.27578125 0.284375 0.2140625 0.10625
1 0.2578125 0.203125 0.265625 0.1328125
1 0.27421875 0.3984375 0.1875 0.09375
2 0.19375 0.09765625 0.384375 0.1734375