1 0.3921875 0.2734375 0.1875 0.134375
1 0.715625 0.80703125 0.11875 0.084375
1 0.54765625 0.0640625 0.0921875 0.0625
1 0.6546875 0.425 0.09375 0.059375
1 0.64375 0.378125 0.15625 0.078125
1 0.565625 0.08046875 0.1828125 0.1359375
1 0.5875 0.1546875 0.15625 0.109375
1 0.7328125 0.69140625 0.19375 0.125
1 0.63515625 0.3265625 0.14375 0.0796875
1 0.6796875 0.48828125 0.109375 0.0734375
1 0.75703125 0.75859375 0.2390625 0.178125
1 0.7109375 0.5703125 0.1703125 0.1109375
2 0.81328125 0.846875 0.3703125 0.25