1 0.70078125 0.6796875 0.065625 0.1375
1 0.790625 0.69296875 0.0890625 0.1421875
1 0.903125 0.7140625 0.0875 0.103125
1 0.1234375 0.6046875 0.1015625 0.1640625
1 0.56875 0.6703125 0.053125 0.1359375
1 0.6125 0.67890625 0.0625 0.1421875
1 0.8609375 0.71640625 0.0890625 0.153125
1 0.5078125 0.66796875 0.0359375 0.078125
1 0.23515625 0.640625 0.1046875 0.1828125
1 0.3578125 0.6640625 0.0953125 0.1546875
1 0.44296875 0.68046875 0.0671875 0.128125
1 0.1734375 0.64609375 0.1453125 0.2234375
2 0.0640625 0.68359375 0.128125 0.3703125