1 0.4140625 0.49765625 0.08125 0.03125
1 0.32734375 0.9578125 0.0890625 0.0515625
1 0.3390625 0.17578125 0.1046875 0.0484375
1 0.3296875 0.6109375 0.121875 0.04375
1 0.31328125 0.75859375 0.134375 0.0640625
1 0.31328125 0.66953125 0.1375 0.05625
1 0.309375 0.853125 0.1421875 0.0828125
1 0.3078125 0.921875 0.153125 0.09375
1 0.31484375 0.2890625 0.1828125 0.0875
1 0.31015625 0.55546875 0.09375 0.0390625
1 0.3046875 0.41171875 0.1859375 0.0734375
1 0.3015625 0.2125 0.2328125 0.1140625
2 0.24921875 0.08984375 0.3421875 0.1796875