1 0.56328125 0.46640625 0.190625 0.096875
1 0.30546875 0.18828125 0.109375 0.0609375
1 0.409375 0.95859375 0.1078125 0.0703125
1 0.3453125 0.56171875 0.1078125 0.0375
1 0.378125 0.7671875 0.1859375 0.0828125
1 0.35078125 0.62890625 0.140625 0.0578125
1 0.3921875 0.9375 0.134375 0.1109375
1 0.3734375 0.859375 0.1484375 0.0984375
1 0.33984375 0.68671875 0.1875 0.084375
1 0.27421875 0.29921875 0.2078125 0.1328125
1 0.28984375 0.41796875 0.1953125 0.096875
2 0.2359375 0.1109375 0.4484375 0.2140625
1 0.24609375 0.21953125 0.25625 0.178125