1 0.50625 0.75078125 0.18125 0.11875
1 0.428125 0.13203125 0.1140625 0.075
1 0.2796875 0.87890625 0.090625 0.0546875
1 0.328125 0.50546875 0.0921875 0.05
1 0.31953125 0.553125 0.15625 0.0640625
1 0.26953125 0.85625 0.178125 0.1234375
1 0.27890625 0.7796875 0.1515625 0.096875
1 0.365625 0.23046875 0.1890625 0.1078125
1 0.30546875 0.60390625 0.1421875 0.0671875
1 0.33125 0.4375 0.10625 0.0640625
1 0.3703125 0.159375 0.2296875 0.159375
1 0.3359375 0.35 0.1671875 0.0953125
2 0.340625 0.07890625 0.39375 0.1578125