1 0.70078125 0.8125 0.1203125 0.0734375
1 0.56796875 0.05390625 0.1125 0.059375
1 0.65390625 0.4296875 0.1078125 0.06875
1 0.66640625 0.48125 0.1125 0.065625
1 0.646875 0.37265625 0.1578125 0.0625
1 0.59296875 0.090625 0.1578125 0.1140625
1 0.71328125 0.6953125 0.16875 0.10625
1 0.625 0.24140625 0.1921875 0.1109375
1 0.60859375 0.1484375 0.15625 0.1046875
1 0.6953125 0.57734375 0.15 0.0734375
1 0.65 0.32421875 0.1484375 0.0859375
1 0.74453125 0.765625 0.2546875 0.16875
2 0.7921875 0.86171875 0.371875 0.2375