1 0.15234375 0.57421875 0.0609375 0.13125
1 0.521875 0.66015625 0.0359375 0.0953125
1 0.91328125 0.69453125 0.065625 0.1109375
1 0.465625 0.6578125 0.0453125 0.125
1 0.37578125 0.65390625 0.0796875 0.1703125
1 0.88203125 0.69921875 0.1015625 0.15625
1 0.79765625 0.69296875 0.0828125 0.1609375
1 0.58125 0.675 0.0625 0.175
1 0.25625 0.65 0.1015625 0.175
1 0.625 0.68828125 0.0703125 0.1671875
1 0.18515625 0.65078125 0.1515625 0.275
1 0.71171875 0.7 0.0703125 0.1703125
2 0.07265625 0.6921875 0.1453125 0.4625