1 0.53671875 0.540625 0.1015625 0.0484375
1 0.60234375 0.8453125 0.121875 0.0671875
1 0.6859375 0.41171875 0.1265625 0.0734375
1 0.74453125 0.0796875 0.078125 0.0546875
1 0.64375 0.740625 0.18125 0.121875
1 0.71953125 0.28125 0.1515625 0.1015625
1 0.7359375 0.1875 0.1375 0.10625
1 0.70859375 0.3625 0.134375 0.0703125
1 0.6953125 0.4765625 0.109375 0.04375
1 0.6421875 0.8171875 0.24375 0.153125
1 0.75859375 0.11640625 0.1625 0.109375
1 0.68046875 0.62421875 0.178125 0.0734375
2 0.68046875 0.92265625 0.3609375 0.1515625