1 0.39921875 0.12890625 0.140625 0.06875
1 0.2390625 0.9109375 0.128125 0.1125
1 0.36796875 0.2390625 0.2046875 0.128125
1 0.30234375 0.565625 0.159375 0.075
1 0.25546875 0.790625 0.18125 0.1
1 0.31796875 0.434375 0.1296875 0.0890625
1 0.2328125 0.86171875 0.14375 0.0921875
1 0.27890625 0.6046875 0.203125 0.1046875
1 0.296875 0.496875 0.1234375 0.071875
1 0.359375 0.165625 0.278125 0.1625
1 0.2578125 0.684375 0.2046875 0.1109375
1 0.3140625 0.34765625 0.2390625 0.134375
2 0.33125 0.084375 0.440625 0.16875