1 0.5234375 0.70625 0.1765625 0.1328125
1 0.41796875 0.14140625 0.1453125 0.0921875
1 0.29609375 0.903125 0.09375 0.059375
1 0.296875 0.86640625 0.1515625 0.10625
1 0.30625 0.79921875 0.15625 0.096875
1 0.31171875 0.70859375 0.1703125 0.0765625
1 0.33203125 0.575 0.165625 0.078125
1 0.3796875 0.24765625 0.190625 0.1
1 0.346875 0.45546875 0.1203125 0.0546875
1 0.33515625 0.51328125 0.1015625 0.0515625
1 0.37265625 0.1640625 0.25 0.1515625
1 0.340625 0.35546875 0.1734375 0.0875
2 0.35 0.06953125 0.31875 0.1390625