1 0.571875 0.86875 0.109375 0.0578125
1 0.709375 0.1015625 0.1046875 0.065625
1 0.65390625 0.43671875 0.1390625 0.0734375
1 0.7140625 0.1390625 0.1703125 0.1140625
1 0.653125 0.4953125 0.08125 0.0578125
1 0.64453125 0.5546875 0.103125 0.0453125
1 0.7078125 0.2109375 0.1546875 0.109375
1 0.6109375 0.76640625 0.20625 0.1078125
1 0.678125 0.3875 0.1390625 0.065625
1 0.69453125 0.303125 0.1671875 0.0984375
1 0.65390625 0.65546875 0.175 0.0671875
1 0.625 0.840625 0.2609375 0.159375
2 0.63203125 0.93203125 0.3796875 0.1328125