1 0.89375 0.7046875 0.0796875 0.109375
1 0.1296875 0.578125 0.0625 0.10625
1 0.7875 0.7078125 0.084375 0.1640625
1 0.55859375 0.67109375 0.0625 0.115625
1 0.86015625 0.734375 0.1046875 0.1875
1 0.43984375 0.65546875 0.05625 0.1046875
1 0.6078125 0.68828125 0.05625 0.1
1 0.234375 0.61875 0.11875 0.203125
1 0.4984375 0.67109375 0.0484375 0.0953125
1 0.69765625 0.71640625 0.11875 0.1703125
1 0.3484375 0.659375 0.0953125 0.1734375
1 0.16328125 0.62734375 0.1328125 0.2296875
2 0.0765625 0.67265625 0.153125 0.4453125