1 0.45703125 0.14765625 0.134375 0.071875
1 0.33828125 0.5078125 0.096875 0.04375
1 0.2703125 0.8953125 0.1140625 0.0734375
1 0.34609375 0.45234375 0.1265625 0.0546875
1 0.3578125 0.36328125 0.175 0.09375
1 0.26875 0.86328125 0.1609375 0.1140625
1 0.28203125 0.7796875 0.165625 0.0953125
1 0.31875 0.565625 0.178125 0.078125
1 0.371875 0.24453125 0.18125 0.115625
1 0.3015625 0.6078125 0.1703125 0.084375
1 0.37734375 0.17265625 0.284375 0.171875
1 0.2828125 0.69296875 0.1734375 0.084375
2 0.34921875 0.075 0.4703125 0.15