1 0.44765625 0.31171875 0.2171875 0.075
1 0.71484375 0.1109375 0.0875 0.0734375
1 0.721875 0.2 0.1609375 0.0984375
1 0.6515625 0.8765625 0.1109375 0.059375
1 0.67734375 0.6265625 0.1671875 0.0796875
1 0.70078125 0.42265625 0.1296875 0.0609375
1 0.67421875 0.7515625 0.196875 0.1125
1 0.72109375 0.30625 0.146875 0.0796875
1 0.70625 0.49140625 0.1140625 0.0390625
1 0.6765625 0.83203125 0.2828125 0.153125
1 0.70625 0.55 0.1046875 0.059375
1 0.73125 0.38125 0.16875 0.0890625
2 0.71484375 0.91015625 0.3828125 0.1765625