1 0.3125 0.1671875 0.13125 0.065625
1 0.39296875 0.93828125 0.0875 0.06875
1 0.35 0.60625 0.1328125 0.059375
1 0.3734375 0.9046875 0.165625 0.10625
1 0.365625 0.83515625 0.146875 0.0921875
1 0.32890625 0.49453125 0.115625 0.0421875
1 0.346875 0.66171875 0.1265625 0.059375
1 0.353125 0.7453125 0.1875 0.08125
1 0.33046875 0.5484375 0.1078125 0.059375
1 0.29765625 0.284375 0.1921875 0.11875
1 0.30390625 0.40234375 0.1640625 0.078125
1 0.26953125 0.20703125 0.2640625 0.159375
2 0.22578125 0.1 0.3734375 0.184375