1 0.1296875 0.59296875 0.0734375 0.0921875
1 0.79140625 0.7078125 0.10625 0.171875
1 0.8921875 0.725 0.0453125 0.096875
1 0.24140625 0.62421875 0.103125 0.1765625
1 0.56015625 0.678125 0.0640625 0.1390625
1 0.44453125 0.66875 0.0546875 0.0953125
1 0.5 0.67890625 0.0640625 0.115625
1 0.61015625 0.69609375 0.0671875 0.1609375
1 0.85859375 0.7375 0.109375 0.1921875
1 0.68828125 0.71328125 0.08125 0.1359375
1 0.35859375 0.66171875 0.0875 0.165625
1 0.1625 0.65546875 0.1515625 0.23125
2 0.06328125 0.665625 0.1265625 0.34375