1 0.63203125 0.86484375 0.115625 0.0671875
1 0.78359375 0.10234375 0.0984375 0.065625
1 0.76953125 0.209375 0.1578125 0.0953125
1 0.7296875 0.4359375 0.1390625 0.071875
1 0.7921875 0.14140625 0.14375 0.1015625
1 0.6734375 0.7578125 0.1890625 0.1140625
1 0.725 0.49453125 0.109375 0.059375
1 0.71328125 0.55625 0.115625 0.0625
1 0.7515625 0.39296875 0.1546875 0.078125
1 0.7671875 0.32265625 0.1578125 0.0796875
1 0.67421875 0.83203125 0.24375 0.159375
1 0.71015625 0.64765625 0.1765625 0.096875
2 0.6828125 0.9140625 0.390625 0.16875