1 0.63515625 0.44453125 0.125 0.1578125
1 0.15625 0.64765625 0.0328125 0.128125
1 0.73203125 0.64140625 0.0703125 0.1609375
1 0.93515625 0.6375 0.04375 0.1
1 0.82890625 0.64453125 0.078125 0.1484375
1 0.90859375 0.64921875 0.0984375 0.16875
1 0.59765625 0.6546875 0.0578125 0.1453125
1 0.5453125 0.659375 0.0375 0.121875
1 0.4828125 0.66796875 0.0421875 0.121875
1 0.39140625 0.68359375 0.0484375 0.178125
1 0.271875 0.6875 0.0890625 0.1828125
1 0.20234375 0.69609375 0.1265625 0.24375
2 0.0796875 0.7765625 0.1578125 0.4171875