1 0.60625 0.67421875 0.165625 0.1296875
1 0.4578125 0.1265625 0.08125 0.0625
1 0.25703125 0.8734375 0.08125 0.0609375
1 0.25703125 0.84765625 0.1921875 0.125
1 0.325 0.56484375 0.153125 0.084375
1 0.26953125 0.77734375 0.159375 0.1140625
1 0.2921875 0.68359375 0.1546875 0.0859375
1 0.34609375 0.43671875 0.1359375 0.06875
1 0.33125 0.4890625 0.1109375 0.05625
1 0.4046875 0.17265625 0.225 0.125
1 0.384375 0.234375 0.1859375 0.1203125
1 0.3390625 0.346875 0.2015625 0.1125
2 0.37578125 0.0796875 0.4453125 0.159375