1 0.4796875 0.35078125 0.184375 0.0828125
1 0.6265625 0.84453125 0.1 0.04375
1 0.646875 0.17109375 0.1515625 0.065625
1 0.65390625 0.04921875 0.10625 0.0796875
1 0.6625 0.38984375 0.1265625 0.065625
1 0.6625 0.259375 0.1328125 0.06875
1 0.66328125 0.096875 0.140625 0.0875
1 0.67109375 0.62578125 0.1375 0.090625
1 0.6765625 0.7828125 0.234375 0.140625
1 0.68515625 0.52109375 0.121875 0.0578125
1 0.68515625 0.46796875 0.10625 0.0625
1 0.6953125 0.72734375 0.15 0.075
2 0.753125 0.90234375 0.453125 0.1921875