1 0.1515625 0.66484375 0.05625 0.13125
1 0.534375 0.66484375 0.0390625 0.0984375
1 0.590625 0.66171875 0.0484375 0.1578125
1 0.475 0.66953125 0.053125 0.1453125
1 0.93515625 0.64921875 0.0875 0.1046875
1 0.81328125 0.66015625 0.096875 0.1640625
1 0.890625 0.65703125 0.090625 0.165625
1 0.640625 0.671875 0.0625 0.1453125
1 0.7125 0.66875 0.065625 0.15
1 0.2625 0.69453125 0.1 0.18125
1 0.3875 0.69609375 0.046875 0.146875
1 0.19609375 0.715625 0.1171875 0.2671875
2 0.08359375 0.74453125 0.1625 0.3890625