1 0.71640625 0.81171875 0.1203125 0.071875
1 0.65078125 0.37109375 0.14375 0.0640625
1 0.58828125 0.0421875 0.09375 0.05625
1 0.61328125 0.14765625 0.1671875 0.1140625
1 0.6734375 0.4328125 0.1140625 0.0546875
1 0.63984375 0.253125 0.1734375 0.0875
1 0.68671875 0.49140625 0.1203125 0.059375
1 0.65546875 0.3265625 0.15 0.0765625
1 0.6078125 0.07734375 0.15625 0.096875
1 0.72890625 0.6953125 0.175 0.1078125
1 0.7109375 0.5734375 0.165625 0.0859375
1 0.7578125 0.76328125 0.259375 0.153125
2 0.8125 0.85390625 0.371875 0.2484375