1 0.434375 0.303125 0.1671875 0.1171875
1 0.65546875 0.83359375 0.1390625 0.078125
1 0.615625 0.06328125 0.0890625 0.0515625
1 0.621875 0.09921875 0.1453125 0.0921875
1 0.62734375 0.1671875 0.15 0.0828125
1 0.640625 0.25703125 0.1671875 0.059375
1 0.6484375 0.3921875 0.1625 0.0609375
1 0.6703125 0.721875 0.184375 0.08125
1 0.659375 0.51171875 0.1171875 0.04375
1 0.65859375 0.45234375 0.0984375 0.0421875
1 0.69453125 0.80234375 0.240625 0.128125
1 0.6859375 0.60859375 0.16875 0.0703125
2 0.7421875 0.91484375 0.30625 0.1578125