1 0.528125 0.48828125 0.2015625 0.0921875
1 0.36796875 0.15625 0.13125 0.053125
1 0.3140625 0.8921875 0.165625 0.1359375
1 0.303125 0.93203125 0.084375 0.0515625
1 0.30078125 0.82734375 0.16875 0.090625
1 0.30625 0.73359375 0.1640625 0.0703125
1 0.31953125 0.5296875 0.1375 0.059375
1 0.3109375 0.59453125 0.1375 0.075
1 0.32265625 0.390625 0.1671875 0.0734375
1 0.328125 0.27421875 0.225 0.103125
1 0.3 0.6515625 0.1640625 0.0765625
1 0.32421875 0.1984375 0.2375 0.1140625
2 0.2921875 0.0859375 0.33125 0.171875