1 0.48046875 0.590625 0.034375 0.1171875
1 0.184375 0.66953125 0.0359375 0.0890625
1 0.9296875 0.65703125 0.1234375 0.14375
1 0.9671875 0.659375 0.0625 0.0921875
1 0.853125 0.66484375 0.0875 0.1640625
1 0.63515625 0.67578125 0.075 0.18125
1 0.7671875 0.67109375 0.05625 0.15
1 0.228125 0.6953125 0.109375 0.196875
1 0.30546875 0.696875 0.103125 0.1828125
1 0.559375 0.68984375 0.05 0.1265625
1 0.68671875 0.68515625 0.0671875 0.128125
1 0.421875 0.6984375 0.1046875 0.203125
2 0.103125 0.76875 0.2015625 0.4171875