1 0.57109375 0.50625 0.140625 0.0796875
1 0.7265625 0.78046875 0.1234375 0.0859375
1 0.57265625 0.02734375 0.0859375 0.0546875
1 0.71015625 0.6703125 0.228125 0.1359375
1 0.64296875 0.35078125 0.1328125 0.075
1 0.68671875 0.55234375 0.1765625 0.109375
1 0.6546875 0.39921875 0.134375 0.0703125
1 0.62109375 0.21875 0.1453125 0.09375
1 0.64140625 0.3 0.1359375 0.078125
1 0.60390625 0.12265625 0.1640625 0.121875
1 0.59375 0.059375 0.19375 0.11875
1 0.7640625 0.7265625 0.2625 0.165625
2 0.81328125 0.853125 0.3703125 0.24375