1 0.30078125 0.1671875 0.109375 0.046875
1 0.29765625 0.94453125 0.090625 0.05
1 0.290625 0.83671875 0.146875 0.06875
1 0.28671875 0.60703125 0.1328125 0.046875
1 0.28125 0.9078125 0.13125 0.0796875
1 0.28046875 0.2796875 0.1765625 0.08125
1 0.28046875 0.5484375 0.103125 0.040625
1 0.2796875 0.48515625 0.109375 0.0421875
1 0.2734375 0.653125 0.146875 0.0515625
1 0.271875 0.725 0.15 0.0515625
1 0.265625 0.20703125 0.225 0.11875
1 0.265625 0.3953125 0.1671875 0.065625
2 0.23515625 0.08984375 0.359375 0.1796875