1 0.646875 0.446875 0.084375 0.240625
1 0.171875 0.6328125 0.04375 0.1015625
1 0.93515625 0.62421875 0.0515625 0.0921875
1 0.6015625 0.65 0.04375 0.128125
1 0.73515625 0.65390625 0.0609375 0.1359375
1 0.83515625 0.65390625 0.0828125 0.1421875
1 0.90390625 0.65390625 0.0796875 0.15
1 0.27421875 0.678125 0.084375 0.1796875
1 0.49296875 0.6703125 0.0546875 0.1234375
1 0.5484375 0.6703125 0.0328125 0.0859375
1 0.39765625 0.6859375 0.059375 0.165625
1 0.20703125 0.7 0.125 0.2421875
2 0.0875 0.7421875 0.171875 0.371875