1 0.496875 0.5421875 0.10625 0.071875
1 0.353125 0.15 0.103125 0.0625
1 0.34609375 0.8171875 0.18125 0.065625
1 0.3421875 0.58671875 0.1484375 0.0546875
1 0.34140625 0.72265625 0.159375 0.065625
1 0.33671875 0.92578125 0.0578125 0.046875
1 0.32578125 0.2671875 0.1578125 0.06875
1 0.32578125 0.640625 0.1453125 0.04375
1 0.321875 0.46640625 0.128125 0.053125
1 0.31484375 0.390625 0.196875 0.0671875
1 0.31328125 0.9046875 0.1453125 0.0875
1 0.29765625 0.1921875 0.265625 0.1296875
2 0.25 0.075 0.340625 0.15