1 0.62890625 0.35390625 0.09375 0.2515625
1 0.16171875 0.64375 0.0546875 0.1
1 0.296875 0.66328125 0.0671875 0.165625
1 0.83359375 0.61796875 0.0953125 0.1765625
1 0.9375 0.61015625 0.0484375 0.096875
1 0.48984375 0.65 0.0546875 0.0875
1 0.60546875 0.64375 0.0625 0.140625
1 0.90625 0.61875 0.09375 0.146875
1 0.74375 0.6359375 0.0796875 0.1453125
1 0.39453125 0.6734375 0.0890625 0.175
1 0.5453125 0.6609375 0.053125 0.1125
1 0.2078125 0.6921875 0.134375 0.225
2 0.090625 0.74921875 0.171875 0.3734375