1 0.38046875 0.9265625 0.1671875 0.103125
1 0.23828125 0.21015625 0.1234375 0.0734375
1 0.384375 0.96796875 0.103125 0.0609375
1 0.35703125 0.8578125 0.153125 0.0953125
1 0.3078125 0.6375 0.1328125 0.0734375
1 0.2921875 0.58828125 0.1109375 0.065625
1 0.2359375 0.31875 0.1703125 0.1046875
1 0.22109375 0.24765625 0.2078125 0.146875
1 0.32109375 0.76640625 0.1421875 0.096875
1 0.30625 0.69296875 0.1375 0.0796875
1 0.271875 0.53046875 0.1203125 0.059375
1 0.2453125 0.4359375 0.165625 0.0890625
2 0.16875 0.13828125 0.3375 0.2203125