1 0.45703125 0.1265625 0.1015625 0.053125
1 0.23828125 0.8796875 0.121875 0.0921875
1 0.32578125 0.55234375 0.146875 0.0953125
1 0.25546875 0.7734375 0.1484375 0.109375
1 0.278125 0.68203125 0.1609375 0.09375
1 0.41484375 0.1671875 0.2625 0.19375
1 0.29609375 0.5984375 0.1734375 0.1140625
1 0.38984375 0.2421875 0.1875 0.1109375
1 0.22734375 0.84140625 0.15625 0.121875
1 0.31796875 0.48359375 0.121875 0.0484375
1 0.334375 0.41875 0.13125 0.0796875
1 0.3453125 0.33359375 0.1984375 0.115625
2 0.38984375 0.08203125 0.3703125 0.1640625