1 0.4140625 0.49609375 0.0828125 0.0328125
1 0.31953125 0.9546875 0.0890625 0.053125
1 0.34453125 0.1734375 0.1046875 0.05
1 0.328125 0.6078125 0.1234375 0.046875
1 0.30859375 0.75546875 0.134375 0.0671875
1 0.31015625 0.66640625 0.1375 0.0578125
1 0.303125 0.84921875 0.14375 0.084375
1 0.3 0.91796875 0.1546875 0.0953125
1 0.31796875 0.2859375 0.184375 0.090625
1 0.309375 0.55234375 0.0953125 0.040625
1 0.30625 0.4078125 0.1859375 0.0765625
1 0.30703125 0.20859375 0.234375 0.1171875
2 0.25703125 0.0890625 0.3453125 0.178125