1 0.609375 0.8484375 0.115625 0.05625
1 0.6796875 0.09375 0.10625 0.0546875
1 0.646875 0.75390625 0.1546875 0.0984375
1 0.684375 0.20078125 0.1703125 0.0796875
1 0.653125 0.81640625 0.234375 0.128125
1 0.675 0.421875 0.1421875 0.059375
1 0.68125 0.30859375 0.159375 0.071875
1 0.6703125 0.5390625 0.0921875 0.0515625
1 0.6671875 0.63359375 0.1671875 0.0796875
1 0.675 0.4859375 0.11875 0.0578125
1 0.6953125 0.11953125 0.2265625 0.1078125
1 0.68203125 0.36796875 0.15625 0.0734375
2 0.69453125 0.90859375 0.3578125 0.1796875