1 0.8265625 0.43984375 0.165625 0.228125
1 0.175 0.696875 0.071875 0.09375
1 0.61796875 0.64296875 0.0625 0.1296875
1 0.29453125 0.71875 0.1109375 0.1953125
1 0.56484375 0.6609375 0.0453125 0.09375
1 0.50703125 0.675 0.0578125 0.1203125
1 0.94921875 0.58203125 0.0640625 0.0921875
1 0.23046875 0.7390625 0.171875 0.2609375
1 0.4171875 0.7046875 0.0796875 0.1953125
1 0.671875 0.65078125 0.0859375 0.159375
1 0.74609375 0.6375 0.0859375 0.1578125
1 0.9234375 0.60234375 0.121875 0.1640625
2 0.13515625 0.7953125 0.2390625 0.40625