1 0.8171875 0.56875 0.1734375 0.265625
1 0.12109375 0.56875 0.071875 0.1296875
1 0.5515625 0.67265625 0.0640625 0.125
1 0.496875 0.6734375 0.0515625 0.0921875
1 0.85234375 0.7375 0.1265625 0.1796875
1 0.22734375 0.62890625 0.121875 0.1921875
1 0.88125 0.74453125 0.0703125 0.0984375
1 0.4375 0.66875 0.05625 0.103125
1 0.60078125 0.703125 0.0671875 0.1453125
1 0.6734375 0.72109375 0.0734375 0.15
1 0.15390625 0.63125 0.165625 0.2640625
1 0.3390625 0.66484375 0.1 0.1640625
2 0.078125 0.62734375 0.15625 0.4046875