1 0.56875 0.47890625 0.184375 0.075
1 0.36796875 0.15703125 0.1046875 0.0484375
1 0.32421875 0.9328125 0.1015625 0.0578125
1 0.3359375 0.53125 0.10625 0.025
1 0.32890625 0.7390625 0.18125 0.0609375
1 0.32890625 0.59765625 0.1375 0.0421875
1 0.3109375 0.909375 0.125 0.0984375
1 0.30703125 0.82890625 0.140625 0.0828125
1 0.30703125 0.65234375 0.1828125 0.0625
1 0.3171875 0.26015625 0.196875 0.109375
1 0.309375 0.37890625 0.1890625 0.075
2 0.315625 0.075 0.4375 0.15
1 0.30390625 0.1765625 0.2421875 0.15