1 0.353125 0.13828125 0.1171875 0.0484375
1 0.325 0.90859375 0.0890625 0.0546875
1 0.31640625 0.5859375 0.1421875 0.040625
1 0.30625 0.884375 0.16875 0.0921875
1 0.3046875 0.8140625 0.14375 0.075
1 0.30703125 0.4640625 0.115625 0.028125
1 0.30546875 0.5265625 0.109375 0.0265625
1 0.30859375 0.253125 0.1859375 0.0875
1 0.30234375 0.63125 0.1359375 0.0484375
1 0.30390625 0.3765625 0.1609375 0.06875
1 0.29296875 0.71015625 0.1671875 0.0671875
1 0.29375 0.17890625 0.2546875 0.1296875
2 0.27578125 0.0765625 0.3484375 0.153125