1 0.56640625 0.471875 0.1875 0.08125
1 0.3328125 0.17265625 0.10625 0.053125
1 0.3703125 0.94921875 0.103125 0.0609375
1 0.340625 0.54765625 0.1078125 0.0296875
1 0.3546875 0.75546875 0.1828125 0.0671875
1 0.340625 0.615625 0.1375 0.046875
1 0.3546875 0.9265625 0.128125 0.1015625
1 0.3421875 0.846875 0.1421875 0.0875
1 0.32421875 0.671875 0.184375 0.06875
1 0.29296875 0.28046875 0.2 0.115625
1 0.29765625 0.4 0.1921875 0.08125
2 0.27109375 0.0890625 0.440625 0.178125
1 0.27109375 0.1984375 0.246875 0.1578125