1 0.6328125 0.47890625 0.1453125 0.1953125
1 0.9578125 0.53359375 0.08125 0.1109375
1 0.62109375 0.62734375 0.1109375 0.159375
1 0.18125 0.73828125 0.10625 0.1515625
1 0.75390625 0.59921875 0.0890625 0.1546875
1 0.31484375 0.7125 0.15 0.190625
1 0.234375 0.7359375 0.1828125 0.2453125
1 0.85546875 0.590625 0.1078125 0.1734375
1 0.57890625 0.67109375 0.084375 0.134375
1 0.93515625 0.5796875 0.1265625 0.190625
1 0.52109375 0.6875 0.1015625 0.1578125
1 0.42109375 0.72109375 0.1375 0.2078125
2 0.13515625 0.81640625 0.2171875 0.3640625