1 0.5515625 0.18203125 0.0953125 0.053125
1 0.584375 0.8859375 0.1203125 0.071875
1 0.73984375 0.22734375 0.1671875 0.096875
1 0.7625 0.15 0.2046875 0.121875
1 0.72265625 0.328125 0.171875 0.071875
1 0.67265625 0.5671875 0.1203125 0.0578125
1 0.69140625 0.5015625 0.1328125 0.0765625
1 0.721875 0.403125 0.1453125 0.0890625
1 0.71015625 0.46484375 0.1703125 0.1
1 0.6421875 0.77734375 0.2203125 0.128125
1 0.6328125 0.859375 0.2734375 0.1609375
1 0.68046875 0.6703125 0.19375 0.1140625
2 0.66015625 0.93515625 0.3953125 0.1265625