1 0.51875 0.49140625 0.1140625 0.0796875
1 0.67734375 0.80390625 0.1125 0.053125
1 0.646875 0.36171875 0.1609375 0.0578125
1 0.63359375 0.03359375 0.103125 0.0578125
1 0.65234375 0.2328125 0.1546875 0.0671875
1 0.65078125 0.134375 0.1625 0.084375
1 0.6953125 0.6890625 0.1875 0.10625
1 0.659375 0.06640625 0.165625 0.1328125
1 0.6984375 0.57578125 0.1640625 0.1109375
1 0.68984375 0.43984375 0.1125 0.05
1 0.6828125 0.325 0.1453125 0.0578125
1 0.72265625 0.75625 0.259375 0.1625
2 0.75859375 0.87265625 0.34375 0.2390625