1 0.80625 0.5984375 0.1953125 0.2421875
1 0.1125 0.56640625 0.0859375 0.1546875
1 0.22421875 0.596875 0.1203125 0.1828125
1 0.55078125 0.6796875 0.0828125 0.159375
1 0.42734375 0.66015625 0.0609375 0.0859375
1 0.8640625 0.771875 0.078125 0.096875
1 0.59921875 0.70859375 0.11875 0.16875
1 0.4921875 0.68359375 0.0671875 0.11875
1 0.14921875 0.60078125 0.1484375 0.2296875
1 0.83515625 0.77421875 0.14375 0.1875
1 0.33828125 0.65234375 0.0875 0.1484375
1 0.6671875 0.734375 0.0984375 0.159375
2 0.08046875 0.609375 0.1609375 0.378125