1 0.59453125 0.64375 0.225 0.1421875
1 0.35 0.56328125 0.1328125 0.0890625
1 0.26796875 0.88359375 0.0671875 0.05
1 0.2734375 0.84765625 0.175 0.140625
1 0.3765625 0.36640625 0.171875 0.1015625
1 0.275 0.784375 0.184375 0.1234375
1 0.428125 0.11875 0.1234375 0.0828125
1 0.3390625 0.5015625 0.121875 0.065625
1 0.29140625 0.68203125 0.15 0.0953125
1 0.340625 0.4296875 0.16875 0.1203125
1 0.38359375 0.221875 0.2015625 0.1453125
1 0.38984375 0.1703125 0.25 0.1703125
2 0.3875 0.06953125 0.346875 0.1390625