1 0.75390625 0.50078125 0.1046875 0.265625
1 0.1375 0.5625 0.0921875 0.1125
1 0.56015625 0.67890625 0.06875 0.128125
1 0.88046875 0.74609375 0.0609375 0.0734375
1 0.44140625 0.6625 0.05625 0.09375
1 0.8515625 0.74296875 0.10625 0.1625
1 0.5 0.6765625 0.046875 0.0703125
1 0.78515625 0.734375 0.0890625 0.1421875
1 0.6015625 0.6984375 0.0890625 0.1390625
1 0.35 0.6546875 0.0953125 0.1734375
1 0.16171875 0.625 0.1734375 0.240625
1 0.22734375 0.63984375 0.121875 0.175
2 0.0703125 0.63203125 0.140625 0.3265625