1 0.409375 0.14609375 0.1171875 0.0609375
1 0.3 0.89609375 0.1078125 0.0609375
1 0.36640625 0.23828125 0.159375 0.10625
1 0.3 0.7890625 0.1734375 0.0875
1 0.36328125 0.17578125 0.2390625 0.1390625
1 0.32109375 0.56953125 0.14375 0.065625
1 0.30859375 0.68203125 0.1625 0.0796875
1 0.33203125 0.4515625 0.0953125 0.05625
1 0.33984375 0.3578125 0.1703125 0.0890625
1 0.32421875 0.50546875 0.1203125 0.0640625
1 0.28515625 0.86953125 0.23125 0.1203125
1 0.3109375 0.62265625 0.159375 0.08125
2 0.32890625 0.090625 0.3640625 0.18125