1 0.48984375 0.47109375 0.0984375 0.2046875
1 0.15234375 0.61953125 0.05625 0.13125
1 0.88515625 0.69921875 0.140625 0.1703125
1 0.925 0.71171875 0.0515625 0.0859375
1 0.8203125 0.71015625 0.0953125 0.171875
1 0.72734375 0.70234375 0.0765625 0.165625
1 0.5234375 0.68125 0.0640625 0.1390625
1 0.58828125 0.6921875 0.0796875 0.1390625
1 0.384375 0.6734375 0.0796875 0.16875
1 0.26796875 0.6640625 0.109375 0.2265625
1 0.64453125 0.70546875 0.08125 0.165625
1 0.19296875 0.66484375 0.121875 0.240625
2 0.08515625 0.69375 0.1703125 0.3375