1 0.44296875 0.18359375 0.2421875 0.1953125
1 0.740625 0.8109375 0.1546875 0.0859375
1 0.71484375 0.69765625 0.1828125 0.1203125
1 0.634375 0.3703125 0.159375 0.0828125
1 0.67578125 0.4890625 0.0859375 0.0609375
1 0.56953125 0.05078125 0.096875 0.078125
1 0.6375 0.3140625 0.16875 0.11875
1 0.665625 0.42109375 0.11875 0.0671875
1 0.75390625 0.76171875 0.2296875 0.1484375
1 0.58515625 0.07578125 0.1875 0.14375
1 0.71015625 0.571875 0.1484375 0.0875
1 0.628125 0.2421875 0.159375 0.0984375
2 0.8109375 0.85546875 0.375 0.2390625