1 0.58984375 0.7375 0.265625 0.1
1 0.31171875 0.184375 0.1109375 0.090625
1 0.3546875 0.6203125 0.128125 0.0671875
1 0.40703125 0.94296875 0.0734375 0.0609375
1 0.32734375 0.503125 0.09375 0.0546875
1 0.39921875 0.91484375 0.1609375 0.1046875
1 0.33515625 0.56328125 0.0703125 0.0453125
1 0.38359375 0.85078125 0.1421875 0.0875
1 0.35078125 0.665625 0.1390625 0.0875
1 0.3015625 0.41484375 0.1734375 0.09375
1 0.26171875 0.2296875 0.2390625 0.1703125
1 0.271875 0.2953125 0.1734375 0.1203125
2 0.2125 0.11640625 0.3234375 0.1953125