1 0.52109375 0.5828125 0.071875 0.1078125
1 0.21640625 0.709375 0.0703125 0.115625
1 0.97578125 0.59140625 0.0453125 0.0890625
1 0.775 0.63125 0.1109375 0.1578125
1 0.6515625 0.65546875 0.0796875 0.14375
1 0.603125 0.6640625 0.08125 0.1328125
1 0.946875 0.61015625 0.103125 0.1796875
1 0.69375 0.65390625 0.071875 0.13125
1 0.87578125 0.628125 0.0953125 0.1453125
1 0.32734375 0.71640625 0.109375 0.190625
1 0.4484375 0.70234375 0.0984375 0.1859375
1 0.25859375 0.7328125 0.171875 0.275
2 0.1296875 0.7984375 0.2234375 0.34375