1 0.51484375 0.4375 0.1171875 0.2171875
1 0.8390625 0.69140625 0.075 0.146875
1 0.6015625 0.67890625 0.040625 0.1234375
1 0.16640625 0.66328125 0.053125 0.10625
1 0.40546875 0.68359375 0.09375 0.1921875
1 0.93046875 0.7140625 0.125 0.184375
1 0.953125 0.71640625 0.075 0.1265625
1 0.28359375 0.684375 0.0875 0.1703125
1 0.5390625 0.69921875 0.0703125 0.14375
1 0.74296875 0.71171875 0.075 0.15625
1 0.653125 0.71015625 0.053125 0.1359375
1 0.21171875 0.69765625 0.1453125 0.23125
2 0.0984375 0.74453125 0.196875 0.4421875