1 0.49453125 0.4578125 0.11875 0.0921875
1 0.71640625 0.81171875 0.1140625 0.0828125
1 0.584375 0.1578125 0.190625 0.1015625
1 0.63671875 0.38203125 0.15625 0.084375
1 0.60859375 0.24921875 0.1703125 0.096875
1 0.57109375 0.04921875 0.065625 0.0578125
1 0.71875 0.69140625 0.16875 0.1
1 0.64140625 0.3265625 0.1515625 0.0734375
1 0.68125 0.49609375 0.1359375 0.078125
1 0.70390625 0.56875 0.20625 0.10625
1 0.5984375 0.065625 0.1609375 0.115625
1 0.76171875 0.759375 0.2875 0.1828125
2 0.82421875 0.86328125 0.3484375 0.2171875