1 0.72734375 0.8140625 0.1125 0.05625
1 0.6625 0.03984375 0.0953125 0.0578125
1 0.67890625 0.14609375 0.1515625 0.08125
1 0.703125 0.375 0.1359375 0.0578125
1 0.68203125 0.075 0.1375 0.0890625
1 0.73828125 0.7 0.1828125 0.096875
1 0.71484375 0.4328125 0.10625 0.05
1 0.72109375 0.4953125 0.1125 0.0515625
1 0.7125 0.32734375 0.1515625 0.0640625
1 0.7078125 0.25625 0.1546875 0.0640625
1 0.759375 0.77109375 0.234375 0.1375
1 0.74296875 0.58359375 0.171875 0.0796875
2 0.79921875 0.884375 0.375 0.209375