1 0.4921875 0.4703125 0.1140625 0.2078125
1 0.14296875 0.5890625 0.0671875 0.134375
1 0.86640625 0.73203125 0.153125 0.178125
1 0.9046875 0.7484375 0.0578125 0.0875
1 0.80078125 0.7375 0.1078125 0.1765625
1 0.70859375 0.72109375 0.0890625 0.16875
1 0.5078125 0.6828125 0.075 0.1421875
1 0.57109375 0.69921875 0.0890625 0.1421875
1 0.36953125 0.6625 0.0921875 0.171875
1 0.2546875 0.64296875 0.128125 0.23125
1 0.62578125 0.7171875 0.0953125 0.16875
1 0.1796875 0.6375 0.140625 0.2453125
2 0.08359375 0.65546875 0.1671875 0.3484375