1 0.51796875 0.64921875 0.1859375 0.0859375
1 0.3796875 0.153125 0.1 0.0453125
1 0.34765625 0.8265625 0.153125 0.06875
1 0.33828125 0.94765625 0.1078125 0.08125
1 0.3359375 0.60703125 0.128125 0.0671875
1 0.33359375 0.7375 0.134375 0.0703125
1 0.3296875 0.9 0.1421875 0.090625
1 0.33125 0.37109375 0.1390625 0.09375
1 0.328125 0.2140625 0.2375 0.1453125
1 0.315625 0.47578125 0.1234375 0.059375
1 0.3140625 0.52890625 0.1078125 0.0640625
1 0.30859375 0.26953125 0.1515625 0.078125
2 0.2546875 0.096875 0.45625 0.19375