1 0.50546875 0.50078125 0.0828125 0.0625
1 0.69921875 0.77734375 0.146875 0.0703125
1 0.62578125 0.35859375 0.1703125 0.075
1 0.6125 0.22421875 0.1546875 0.0859375
1 0.58203125 0.028125 0.0765625 0.05625
1 0.609375 0.121875 0.209375 0.109375
1 0.72890625 0.73203125 0.246875 0.153125
1 0.71640625 0.665625 0.2578125 0.1453125
1 0.6671875 0.41015625 0.090625 0.040625
1 0.65 0.3046875 0.1421875 0.0703125
1 0.6015625 0.059375 0.20625 0.11875
1 0.70625 0.55703125 0.190625 0.1015625
2 0.80859375 0.85625 0.3796875 0.246875