1 0.45546875 0.64453125 0.2578125 0.1890625
1 0.8078125 0.909375 0.115625 0.0765625
1 0.62421875 0.12421875 0.2578125 0.1546875
1 0.603125 0.0171875 0.125 0.034375
1 0.6703125 0.23203125 0.20625 0.1078125
1 0.6578125 0.18046875 0.1890625 0.109375
1 0.74453125 0.5171875 0.175 0.0765625
1 0.825 0.84140625 0.346875 0.2171875
1 0.68984375 0.28359375 0.2078125 0.1078125
1 0.74765625 0.453125 0.1296875 0.053125
1 0.7171875 0.3265625 0.1609375 0.0859375
1 0.740625 0.38046875 0.1765625 0.0890625
1 0.8078125 0.6375 0.1734375 0.1109375
1 0.66328125 0.04140625 0.1546875 0.0828125