1 0.15390625 0.64765625 0.04375 0.1046875
1 0.93359375 0.621875 0.053125 0.0984375
1 0.59375 0.6375 0.05625 0.134375
1 0.89765625 0.634375 0.0921875 0.1609375
1 0.53671875 0.6484375 0.0484375 0.0765625
1 0.4765625 0.65234375 0.03125 0.1015625
1 0.8265625 0.64375 0.090625 0.1453125
1 0.2625 0.6640625 0.08125 0.2
1 0.646875 0.6515625 0.0484375 0.134375
1 0.7328125 0.65 0.0765625 0.1609375
1 0.3796875 0.68359375 0.04375 0.171875
1 0.1921875 0.69296875 0.1265625 0.2484375
2 0.07421875 0.72421875 0.1453125 0.3640625