1 0.67734375 0.8359375 0.115625 0.059375
1 0.665625 0.390625 0.140625 0.046875
1 0.64375 0.05625 0.090625 0.046875
1 0.6546875 0.1640625 0.159375 0.096875
1 0.68046875 0.4546875 0.1109375 0.0421875
1 0.66875 0.271875 0.16875 0.0671875
1 0.68671875 0.5140625 0.1171875 0.0453125
1 0.67578125 0.346875 0.146875 0.059375
1 0.65859375 0.09375 0.15 0.0796875
1 0.703125 0.721875 0.1671875 0.0890625
1 0.7 0.5984375 0.1609375 0.0671875
1 0.72421875 0.79296875 0.2515625 0.1265625
2 0.78046875 0.88984375 0.38125 0.2046875