1 0.590625 0.86953125 0.1265625 0.0796875
1 0.7046875 0.2 0.1640625 0.0703125
1 0.67109375 0.43046875 0.134375 0.0640625
1 0.65546875 0.54375 0.121875 0.0640625
1 0.7234375 0.12890625 0.1578125 0.1296875
1 0.625 0.753125 0.190625 0.1
1 0.7 0.30078125 0.1359375 0.0640625
1 0.73203125 0.10390625 0.103125 0.0609375
1 0.67265625 0.4859375 0.096875 0.0578125
1 0.621875 0.81875 0.228125 0.15
1 0.6921875 0.38671875 0.1828125 0.0703125
1 0.6546875 0.6375 0.1671875 0.0734375
2 0.653125 0.93046875 0.334375 0.1359375