1 0.51171875 0.43671875 0.10625 0.2125
1 0.8484375 0.6734375 0.0671875 0.14375
1 0.6109375 0.6734375 0.034375 0.121875
1 0.17578125 0.68046875 0.0484375 0.103125
1 0.41484375 0.68828125 0.084375 0.1875
1 0.94140625 0.69140625 0.115625 0.178125
1 0.9640625 0.6921875 0.06875 0.1234375
1 0.29375 0.6953125 0.0796875 0.165625
1 0.54921875 0.696875 0.0625 0.140625
1 0.75390625 0.6984375 0.0671875 0.153125
1 0.6640625 0.7015625 0.046875 0.134375
1 0.22265625 0.7125 0.134375 0.225
2 0.09921875 0.76484375 0.1984375 0.43125