1 0.8171875 0.70859375 0.0828125 0.1609375
1 0.89765625 0.715625 0.0796875 0.1296875
1 0.94921875 0.721875 0.0796875 0.13125
1 0.14296875 0.6640625 0.0484375 0.1125
1 0.52734375 0.703125 0.08125 0.140625
1 0.58359375 0.70703125 0.10625 0.1859375
1 0.465625 0.7 0.0828125 0.1578125
1 0.3828125 0.69609375 0.0875 0.190625
1 0.72265625 0.7203125 0.1046875 0.1578125
1 0.25625 0.69296875 0.0984375 0.178125
1 0.63671875 0.7203125 0.05625 0.125
1 0.19609375 0.71796875 0.140625 0.2421875
2 0.08515625 0.7671875 0.1703125 0.396875