1 0.49765625 0.5046875 0.0625 0.0828125
1 0.16796875 0.58125 0.0703125 0.146875
1 0.58359375 0.6703125 0.075 0.1703125
1 0.71328125 0.7078125 0.0859375 0.1546875
1 0.9109375 0.753125 0.0609375 0.075
1 0.809375 0.74296875 0.109375 0.209375
1 0.19921875 0.62578125 0.153125 0.246875
1 0.265625 0.63828125 0.1453125 0.2578125
1 0.5203125 0.68828125 0.040625 0.090625
1 0.625 0.7125 0.0703125 0.1421875
1 0.87734375 0.76171875 0.1296875 0.2046875
1 0.36953125 0.66953125 0.1015625 0.190625
2 0.0828125 0.68359375 0.165625 0.4453125