1 0.49921875 0.49296875 0.06875 0.1203125
1 0.1625 0.61171875 0.0515625 0.1046875
1 0.93515625 0.7171875 0.05 0.0890625
1 0.72421875 0.6984375 0.071875 0.1609375
1 0.6421875 0.6921875 0.065625 0.134375
1 0.82890625 0.71640625 0.0859375 0.18125
1 0.2640625 0.65703125 0.1171875 0.196875
1 0.59765625 0.6921875 0.0578125 0.146875
1 0.53515625 0.69140625 0.0515625 0.115625
1 0.90546875 0.73515625 0.1046875 0.1546875
1 0.203125 0.6640625 0.1515625 0.2203125
1 0.38515625 0.68671875 0.0875 0.178125
2 0.0875 0.69140625 0.175 0.4453125