1 0.54765625 0.4671875 0.1859375 0.1171875
1 0.271875 0.2203125 0.121875 0.0578125
1 0.371875 0.64765625 0.1671875 0.078125
1 0.42890625 0.8765625 0.1734375 0.125
1 0.44140625 0.9390625 0.1765625 0.11875
1 0.45 0.9671875 0.10625 0.0625
1 0.37578125 0.7078125 0.1625 0.096875
1 0.27265625 0.334375 0.190625 0.134375
1 0.33828125 0.59609375 0.096875 0.05625
1 0.38671875 0.7921875 0.153125 0.1046875
1 0.29375 0.4546875 0.1625 0.0859375
1 0.21796875 0.2765625 0.2890625 0.2
2 0.18125 0.1671875 0.3625 0.271875