1 0.8828125 0.72578125 0.059375 0.09375
1 0.77421875 0.725 0.1078125 0.1796875
1 0.1140625 0.575 0.103125 0.159375
1 0.5546875 0.67734375 0.06875 0.1390625
1 0.85078125 0.75 0.1359375 0.178125
1 0.6015625 0.69375 0.0796875 0.1375
1 0.4421875 0.65703125 0.0734375 0.1328125
1 0.2296875 0.6140625 0.1359375 0.2078125
1 0.68671875 0.72265625 0.121875 0.184375
1 0.1671875 0.60546875 0.1625 0.2484375
1 0.48671875 0.67890625 0.05625 0.103125
1 0.34296875 0.65625 0.1046875 0.1796875
2 0.06640625 0.6078125 0.1328125 0.35625