1 0.1734375 0.68515625 0.0421875 0.1
1 0.9515625 0.59296875 0.0796875 0.1171875
1 0.615625 0.63984375 0.08125 0.14375
1 0.846875 0.61875 0.0953125 0.1421875
1 0.7546875 0.6328125 0.0765625 0.1578125
1 0.22734375 0.7078125 0.16875 0.2515625
1 0.6703125 0.65 0.096875 0.16875
1 0.30625 0.70234375 0.0921875 0.1828125
1 0.9203125 0.61796875 0.10625 0.1484375
1 0.55625 0.67421875 0.034375 0.1234375
1 0.48984375 0.684375 0.0671875 0.128125
1 0.40703125 0.70703125 0.09375 0.1953125
2 0.11953125 0.78203125 0.2125 0.3578125