1 0.41328125 0.26640625 0.23125 0.1515625
1 0.715625 0.8078125 0.1171875 0.0703125
1 0.56328125 0.04921875 0.096875 0.0671875
1 0.6390625 0.37578125 0.1328125 0.0765625
1 0.58984375 0.15078125 0.1546875 0.1109375
1 0.721875 0.6890625 0.184375 0.1125
1 0.6609375 0.42421875 0.0953125 0.0609375
1 0.6765625 0.48359375 0.10625 0.0625
1 0.64140625 0.31875 0.146875 0.096875
1 0.59140625 0.0796875 0.165625 0.1140625
1 0.7078125 0.57109375 0.1734375 0.0953125
1 0.7515625 0.7515625 0.26875 0.1625
2 0.81015625 0.86015625 0.378125 0.23125