1 0.46015625 0.53671875 0.0921875 0.1421875
1 0.15078125 0.58984375 0.0828125 0.13125
1 0.90625 0.7578125 0.075 0.0921875
1 0.79296875 0.73671875 0.1375 0.178125
1 0.628125 0.7078125 0.0734375 0.1640625
1 0.57421875 0.69921875 0.0640625 0.1359375
1 0.7109375 0.73046875 0.0921875 0.15
1 0.515625 0.69453125 0.053125 0.0984375
1 0.375 0.66484375 0.0921875 0.16875
1 0.87578125 0.77578125 0.13125 0.1640625
1 0.1890625 0.63046875 0.14375 0.2203125
1 0.2421875 0.64921875 0.15625 0.240625
2 0.071875 0.68046875 0.14375 0.4109375