1 0.6390625 0.44140625 0.128125 0.2
1 0.2 0.71171875 0.06875 0.1078125
1 0.85546875 0.55703125 0.103125 0.1640625
1 0.96015625 0.5328125 0.0765625 0.125
1 0.6484375 0.628125 0.096875 0.1390625
1 0.77421875 0.59453125 0.1015625 0.1453125
1 0.93203125 0.553125 0.1203125 0.1578125
1 0.42265625 0.69765625 0.1234375 0.15625
1 0.27265625 0.74375 0.196875 0.2625
1 0.52734375 0.684375 0.0875 0.1328125
1 0.57890625 0.6703125 0.0875 0.11875
1 0.33125 0.74765625 0.1109375 0.1640625
2 0.1765625 0.80234375 0.30625 0.3921875