1 0.14140625 0.60703125 0.0484375 0.103125
1 0.909375 0.67734375 0.0625 0.0796875
1 0.57109375 0.64765625 0.0578125 0.11875
1 0.70625 0.66640625 0.0671875 0.1203125
1 0.81015625 0.67890625 0.084375 0.13125
1 0.5203125 0.65546875 0.0453125 0.090625
1 0.8828125 0.69140625 0.09375 0.1375
1 0.46171875 0.6546875 0.0328125 0.0921875
1 0.18671875 0.63671875 0.1765625 0.2890625
1 0.25703125 0.64765625 0.10625 0.1859375
1 0.36640625 0.6640625 0.0828125 0.1703125
2 0.08671875 0.67578125 0.1734375 0.3546875