1 0.48515625 0.47578125 0.065625 0.0546875
1 0.41015625 0.15234375 0.146875 0.08125
1 0.2453125 0.9109375 0.084375 0.05625
1 0.3046875 0.57734375 0.15625 0.0890625
1 0.31015625 0.52265625 0.1078125 0.05
1 0.25390625 0.80390625 0.1765625 0.109375
1 0.2390625 0.875 0.1671875 0.1296875
1 0.3609375 0.24921875 0.171875 0.1125
1 0.26640625 0.7078125 0.1484375 0.084375
1 0.278125 0.6296875 0.128125 0.0796875
1 0.3609375 0.184375 0.234375 0.1546875
1 0.31953125 0.36875 0.184375 0.09375
2 0.34609375 0.0796875 0.3734375 0.159375