1 0.184375 0.7109375 0.06875 0.11875
1 0.62578125 0.653125 0.0609375 0.14375
1 0.95625 0.59609375 0.0546875 0.09375
1 0.85 0.61875 0.1109375 0.165625
1 0.5640625 0.67421875 0.053125 0.1140625
1 0.74453125 0.64375 0.084375 0.1734375
1 0.50546875 0.68671875 0.05625 0.1203125
1 0.67109375 0.65859375 0.0734375 0.15
1 0.92109375 0.615625 0.09375 0.1546875
1 0.30078125 0.72578125 0.1046875 0.1734375
1 0.42265625 0.709375 0.0828125 0.165625
1 0.23203125 0.753125 0.15 0.259375
2 0.140625 0.809375 0.24375 0.378125