1 0.2734375 0.1890625 0.140625 0.0671875
1 0.403125 0.96015625 0.128125 0.0765625
1 0.2828125 0.303125 0.2046875 0.125
1 0.3390625 0.63203125 0.159375 0.0734375
1 0.37578125 0.859375 0.18125 0.096875
1 0.30625 0.50390625 0.128125 0.0875
1 0.38046875 0.93359375 0.1421875 0.090625
1 0.33125 0.6765625 0.203125 0.1015625
1 0.309375 0.5703125 0.121875 0.06875
1 0.24921875 0.23828125 0.2765625 0.1578125
1 0.33984375 0.759375 0.203125 0.1078125
1 0.271875 0.42421875 0.2375 0.13125
2 0.19921875 0.1359375 0.3984375 0.240625