1 0.6765625 0.83203125 0.1078125 0.053125
1 0.58359375 0.0578125 0.1015625 0.0609375
1 0.62890625 0.39453125 0.1375 0.0671875
1 0.59921875 0.0921875 0.1671875 0.10625
1 0.6453125 0.45078125 0.0796875 0.0546875
1 0.65390625 0.51015625 0.103125 0.040625
1 0.6140625 0.1625 0.1515625 0.103125
1 0.68359375 0.721875 0.2046875 0.0984375
1 0.6375 0.340625 0.1375 0.059375
1 0.62890625 0.25546875 0.165625 0.090625
1 0.69296875 0.60390625 0.1734375 0.0578125
1 0.71875 0.78984375 0.25625 0.146875
2 0.76171875 0.90390625 0.375 0.175