1 0.54921875 0.525 0.1015625 0.053125
1 0.71953125 0.7859375 0.1234375 0.0734375
1 0.64140625 0.35078125 0.128125 0.0796875
1 0.578125 0.025 0.08125 0.05
1 0.7203125 0.67265625 0.1859375 0.1296875
1 0.6265625 0.21640625 0.1546875 0.109375
1 0.60859375 0.12421875 0.140625 0.1109375
1 0.6453125 0.296875 0.1359375 0.0765625
1 0.6734375 0.4078125 0.109375 0.05
1 0.74609375 0.7453125 0.2484375 0.1640625
1 0.60390625 0.0546875 0.1671875 0.109375
1 0.71328125 0.5515625 0.1796875 0.08125
2 0.8234375 0.8578125 0.35 0.228125