1 0.48671875 0.53828125 0.065625 0.134375
1 0.153125 0.59609375 0.075 0.1171875
1 0.58046875 0.68203125 0.0640625 0.15625
1 0.9140625 0.7359375 0.0609375 0.103125
1 0.80390625 0.725 0.109375 0.1734375
1 0.628125 0.70234375 0.06875 0.1609375
1 0.87578125 0.74375 0.1125 0.1578125
1 0.7140625 0.72109375 0.0796875 0.15625
1 0.25546875 0.65 0.109375 0.190625
1 0.5203125 0.69296875 0.0484375 0.1125
1 0.3703125 0.67421875 0.0828125 0.1671875
1 0.184375 0.646875 0.146875 0.2390625
2 0.0796875 0.66171875 0.159375 0.3640625