1 0.66171875 0.37578125 0.115625 0.159375
1 0.1328125 0.58125 0.05625 0.078125
1 0.896875 0.70234375 0.053125 0.0765625
1 0.87109375 0.70546875 0.1078125 0.1859375
1 0.5828125 0.6671875 0.0703125 0.1515625
1 0.8 0.7 0.1 0.153125
1 0.70390625 0.6875 0.071875 0.153125
1 0.453125 0.66015625 0.0546875 0.1359375
1 0.50703125 0.66875 0.0453125 0.109375
1 0.184375 0.62890625 0.1046875 0.2203125
1 0.24765625 0.64296875 0.1046875 0.18125
1 0.36484375 0.67578125 0.0953125 0.1984375
2 0.07734375 0.6734375 0.1546875 0.4375