1 0.42734375 0.30546875 0.1703125 0.1234375
1 0.66640625 0.828125 0.1421875 0.0828125
1 0.6 0.06015625 0.090625 0.0546875
1 0.6078125 0.0953125 0.146875 0.096875
1 0.615625 0.1625 0.153125 0.0875
1 0.63203125 0.25234375 0.1671875 0.065625
1 0.64453125 0.38671875 0.1640625 0.0671875
1 0.678125 0.715625 0.1875 0.0875
1 0.659375 0.50625 0.11875 0.046875
1 0.65703125 0.446875 0.1 0.0453125
1 0.7046875 0.7953125 0.24375 0.1359375
1 0.6890625 0.6015625 0.1703125 0.0765625
2 0.75703125 0.90625 0.3109375 0.1671875