1 0.48203125 0.44453125 0.08125 0.175
1 0.16640625 0.6359375 0.0328125 0.1203125
1 0.60390625 0.665625 0.04375 0.1640625
1 0.8390625 0.678125 0.0921875 0.159375
1 0.90390625 0.68515625 0.0890625 0.1625
1 0.9390625 0.6875 0.0578125 0.0953125
1 0.6625 0.67890625 0.0640625 0.1546875
1 0.275 0.66875 0.1 0.175
1 0.54453125 0.6828125 0.0375 0.0921875
1 0.746875 0.69375 0.075 0.1421875
1 0.396875 0.684375 0.0515625 0.1578125
1 0.20390625 0.7046875 0.146875 0.2671875
2 0.08828125 0.73203125 0.1765625 0.3859375