1 0.41328125 0.934375 0.1859375 0.128125
1 0.22421875 0.20546875 0.15625 0.1109375
1 0.38359375 0.87421875 0.1515625 0.109375
1 0.4046875 0.96640625 0.0875 0.0640625
1 0.240625 0.31953125 0.1625 0.10625
1 0.3140625 0.6390625 0.171875 0.09375
1 0.28203125 0.5296875 0.1171875 0.0734375
1 0.3203125 0.69140625 0.15625 0.08125
1 0.29375 0.58515625 0.13125 0.0734375
1 0.3359375 0.7734375 0.153125 0.0875
1 0.18828125 0.25234375 0.25625 0.196875
1 0.234375 0.4453125 0.2125 0.1328125
2 0.175 0.15625 0.35 0.25