1 0.70234375 0.53828125 0.0921875 0.0921875
1 0.39609375 0.13046875 0.1078125 0.078125
1 0.3296875 0.56796875 0.1515625 0.0734375
1 0.27109375 0.86953125 0.1828125 0.1171875
1 0.28046875 0.7859375 0.1640625 0.0953125
1 0.3203125 0.50625 0.1015625 0.0484375
1 0.32734375 0.446875 0.1109375 0.0546875
1 0.2921875 0.6875 0.1640625 0.0921875
1 0.29609375 0.609375 0.1515625 0.0765625
1 0.340625 0.240625 0.196875 0.1
1 0.32109375 0.353125 0.165625 0.084375
1 0.34296875 0.16328125 0.2515625 0.153125
2 0.3375 0.07421875 0.403125 0.1484375