1 0.93203125 0.60390625 0.046875 0.090625
1 0.828125 0.63515625 0.0828125 0.171875
1 0.15234375 0.68515625 0.08125 0.1515625
1 0.60390625 0.653125 0.0484375 0.1375
1 0.90859375 0.63671875 0.1140625 0.165625
1 0.653125 0.65546875 0.0609375 0.1328125
1 0.490625 0.6671875 0.05625 0.128125
1 0.275 0.68828125 0.1078125 0.196875
1 0.74375 0.65859375 0.096875 0.175
1 0.2125 0.69765625 0.1296875 0.2359375
1 0.53984375 0.675 0.0421875 0.0984375
1 0.3953125 0.6953125 0.0796875 0.1734375
2 0.08125 0.740625 0.1546875 0.3421875