1 0.37890625 0.15546875 0.1140625 0.0515625
1 0.33515625 0.91171875 0.1046875 0.0515625
1 0.34453125 0.25078125 0.1515625 0.09375
1 0.32578125 0.80546875 0.16875 0.0734375
1 0.3359375 0.1890625 0.2296875 0.1203125
1 0.328125 0.584375 0.140625 0.0546875
1 0.32578125 0.69765625 0.1578125 0.0671875
1 0.32890625 0.46640625 0.0921875 0.0484375
1 0.328125 0.371875 0.165625 0.075
1 0.32578125 0.5203125 0.1171875 0.053125
1 0.31796875 0.88671875 0.2234375 0.1015625
1 0.32265625 0.63828125 0.1546875 0.06875
2 0.2921875 0.09140625 0.35 0.1828125