1 0.71875 0.6578125 0.0515625 0.134375
1 0.809375 0.66171875 0.075 0.1375
1 0.9234375 0.67109375 0.078125 0.096875
1 0.1359375 0.64375 0.0859375 0.1578125
1 0.58671875 0.6625 0.0390625 0.134375
1 0.63125 0.66640625 0.0484375 0.1390625
1 0.88125 0.67734375 0.0734375 0.146875
1 0.52578125 0.665625 0.028125 0.0765625
1 0.25078125 0.6671875 0.0875 0.1765625
1 0.37578125 0.678125 0.08125 0.1484375
1 0.4625 0.68515625 0.0546875 0.1234375
1 0.190625 0.67890625 0.125 0.2140625
2 0.065625 0.73125 0.13125 0.359375