1 0.33046875 0.17421875 0.1375 0.071875
1 0.415625 0.9359375 0.103125 0.0671875
1 0.39453125 0.8390625 0.1515625 0.0953125
1 0.37890625 0.74453125 0.1578125 0.0765625
1 0.34453125 0.4921875 0.1046875 0.0609375
1 0.34921875 0.6109375 0.1359375 0.0640625
1 0.30859375 0.28671875 0.184375 0.0953125
1 0.340625 0.56328125 0.1125 0.065625
1 0.3828125 0.9171875 0.18125 0.1171875
1 0.31015625 0.40703125 0.1796875 0.0765625
1 0.2828125 0.21484375 0.24375 0.1640625
2 0.24453125 0.1046875 0.3890625 0.196875