1 0.4640625 0.54140625 0.0375 0.0984375
1 0.16953125 0.64375 0.0546875 0.1171875
1 0.61015625 0.6734375 0.0609375 0.1203125
1 0.946875 0.69140625 0.046875 0.0734375
1 0.27890625 0.671875 0.103125 0.171875
1 0.74453125 0.69140625 0.0859375 0.14375
1 0.83828125 0.69609375 0.0921875 0.128125
1 0.6625 0.68984375 0.05625 0.1296875
1 0.54765625 0.690625 0.03125 0.1078125
1 0.20234375 0.6796875 0.1265625 0.2328125
1 0.9125 0.71015625 0.0921875 0.153125
1 0.3984375 0.69453125 0.053125 0.175
2 0.0796875 0.734375 0.159375 0.34375