1 0.6 0.86796875 0.0921875 0.071875
1 0.70234375 0.2046875 0.1703125 0.1046875
1 0.71796875 0.10390625 0.096875 0.04375
1 0.62890625 0.75625 0.175 0.1
1 0.67734375 0.43671875 0.1390625 0.0625
1 0.66953125 0.55234375 0.0953125 0.053125
1 0.67890625 0.496875 0.1140625 0.0609375
1 0.69453125 0.3859375 0.1609375 0.065625
1 0.73125 0.1375 0.190625 0.10625
1 0.71015625 0.3078125 0.1359375 0.0796875
1 0.6640625 0.63828125 0.165625 0.0859375
1 0.6609375 0.83515625 0.2296875 0.146875
2 0.675 0.9359375 0.34375 0.125