1 0.60625 0.73046875 0.265625 0.1171875
1 0.290625 0.19765625 0.115625 0.096875
1 0.36328125 0.6296875 0.1296875 0.075
1 0.43828125 0.9484375 0.075 0.0640625
1 0.328125 0.515625 0.0953125 0.0609375
1 0.42890625 0.92109375 0.1640625 0.1140625
1 0.33984375 0.57421875 0.071875 0.05
1 0.4078125 0.8578125 0.1453125 0.0953125
1 0.3625 0.67578125 0.1421875 0.0953125
1 0.29609375 0.42890625 0.175 0.103125
1 0.24375 0.246875 0.2453125 0.1828125
1 0.2578125 0.31171875 0.1765625 0.1296875
2 0.18671875 0.1375 0.3296875 0.2140625