1 0.71484375 0.51015625 0.0421875 0.1515625
1 0.16015625 0.6625 0.0765625 0.115625
1 0.60546875 0.65859375 0.05 0.1203125
1 0.9328125 0.64296875 0.0484375 0.0796875
1 0.4828125 0.671875 0.046875 0.1078125
1 0.27265625 0.6859375 0.10625 0.1859375
1 0.828125 0.659375 0.0890625 0.1515625
1 0.546875 0.67421875 0.0390625 0.0984375
1 0.9 0.65625 0.09375 0.14375
1 0.39375 0.68359375 0.0703125 0.16875
1 0.19453125 0.70078125 0.1703125 0.2328125
1 0.6484375 0.678125 0.0578125 0.153125
2 0.08359375 0.75390625 0.1609375 0.38125