1 0.471875 0.465625 0.096875 0.165625
1 0.15 0.60703125 0.103125 0.1765625
1 0.825 0.7203125 0.1046875 0.1765625
1 0.72421875 0.70859375 0.096875 0.184375
1 0.9203125 0.74296875 0.0703125 0.1015625
1 0.25078125 0.640625 0.1265625 0.1921875
1 0.5234375 0.6875 0.0671875 0.140625
1 0.6328125 0.70625 0.075 0.1359375
1 0.5765625 0.696875 0.078125 0.153125
1 0.8875 0.75234375 0.1140625 0.1875
1 0.37890625 0.68359375 0.0796875 0.1640625
1 0.190625 0.665625 0.16875 0.240625
2 0.08203125 0.67578125 0.1640625 0.4046875