1 0.484375 0.47578125 0.0640625 0.0515625
1 0.39765625 0.15546875 0.146875 0.0765625
1 0.259375 0.91953125 0.084375 0.053125
1 0.3078125 0.584375 0.1546875 0.084375
1 0.3109375 0.5296875 0.10625 0.046875
1 0.26484375 0.8125 0.175 0.1046875
1 0.25234375 0.88359375 0.1640625 0.125
1 0.35234375 0.2546875 0.1703125 0.1078125
1 0.2734375 0.715625 0.146875 0.0796875
1 0.2828125 0.6375 0.1265625 0.075
1 0.35 0.1890625 0.23125 0.1484375
1 0.31484375 0.375 0.184375 0.0875
2 0.33046875 0.0796875 0.3703125 0.159375