1 0.67734375 0.09375 0.159375 0.0828125
1 0.71875 0.8234375 0.11875 0.059375
1 0.68203125 0.04140625 0.09375 0.0734375
1 0.69140625 0.165625 0.1453125 0.0765625
1 0.709375 0.390625 0.128125 0.05625
1 0.71796875 0.44140625 0.1046875 0.0515625
1 0.73671875 0.71640625 0.1625 0.0828125
1 0.74140625 0.78828125 0.196875 0.121875
1 0.7140625 0.2609375 0.134375 0.0796875
1 0.71875 0.3359375 0.1328125 0.0625
1 0.7296875 0.5015625 0.1171875 0.04375
1 0.74296875 0.59921875 0.1609375 0.0671875
2 0.79609375 0.90703125 0.35625 0.171875