1 0.1703125 0.6796875 0.040625 0.1
1 0.95 0.60078125 0.078125 0.1171875
1 0.61328125 0.6421875 0.078125 0.1421875
1 0.8453125 0.62421875 0.09375 0.140625
1 0.75234375 0.6375 0.075 0.1578125
1 0.2234375 0.703125 0.165625 0.25
1 0.6671875 0.65234375 0.09375 0.1671875
1 0.30234375 0.69921875 0.0890625 0.1828125
1 0.91796875 0.625 0.103125 0.146875
1 0.553125 0.675 0.03125 0.1234375
1 0.48671875 0.684375 0.0640625 0.1265625
1 0.403125 0.70546875 0.090625 0.19375
2 0.1140625 0.77578125 0.2078125 0.3546875