1 0.5640625 0.53125 0.1390625 0.0734375
1 0.6109375 0.84296875 0.121875 0.08125
1 0.7390625 0.07734375 0.0828125 0.0640625
1 0.63515625 0.734375 0.225 0.1265625
1 0.6875 0.41171875 0.13125 0.06875
1 0.65546875 0.615625 0.1734375 0.1015625
1 0.68046875 0.4609375 0.134375 0.0640625
1 0.71328125 0.28046875 0.14375 0.0875
1 0.703125 0.3640625 0.134375 0.071875
1 0.7328125 0.18515625 0.1609375 0.115625
1 0.75078125 0.10546875 0.1875 0.1421875
1 0.66484375 0.80625 0.259375 0.153125
2 0.678125 0.91640625 0.390625 0.1640625