1 0.34921875 0.37578125 0.253125 0.1015625
1 0.65546875 0.8328125 0.1015625 0.0578125
1 0.6703125 0.696875 0.165625 0.071875
1 0.60625 0.1625 0.1796875 0.1015625
1 0.59453125 0.05859375 0.0984375 0.0515625
1 0.65 0.50546875 0.0890625 0.05625
1 0.63984375 0.38984375 0.1421875 0.065625
1 0.6046875 0.08984375 0.15 0.0984375
1 0.62734375 0.2515625 0.1484375 0.084375
1 0.6765625 0.59921875 0.1765625 0.0953125
1 0.659375 0.44921875 0.1140625 0.05625
1 0.7015625 0.78515625 0.228125 0.140625
2 0.7640625 0.9 0.378125 0.1828125