1 0.4109375 0.353125 0.2265625 0.1484375
1 0.65234375 0.4421875 0.134375 0.0921875
1 0.7453125 0.125 0.06875 0.0515625
1 0.73828125 0.16015625 0.178125 0.1453125
1 0.61875 0.6375 0.1734375 0.10625
1 0.73515625 0.2234375 0.1859375 0.128125
1 0.5578125 0.88359375 0.125 0.0875
1 0.6609375 0.50390625 0.121875 0.06875
1 0.71484375 0.32578125 0.1515625 0.1
1 0.65703125 0.57578125 0.1703125 0.1234375
1 0.60625 0.78203125 0.2046875 0.15
1 0.5984375 0.83359375 0.2515625 0.1765625
2 0.596875 0.92890625 0.35 0.1390625