1 0.61484375 0.86796875 0.13125 0.0609375
1 0.66796875 0.4890625 0.1 0.0421875
1 0.67265625 0.4328125 0.159375 0.0546875
1 0.6640625 0.5484375 0.146875 0.0578125
1 0.70859375 0.08984375 0.10625 0.090625
1 0.70234375 0.21171875 0.1671875 0.103125
1 0.71015625 0.13515625 0.1671875 0.096875
1 0.68984375 0.38515625 0.146875 0.0671875
1 0.696875 0.31328125 0.1515625 0.0703125
1 0.659375 0.7625 0.184375 0.10625
1 0.678125 0.6390625 0.1484375 0.0515625
1 0.67109375 0.83125 0.2703125 0.125
2 0.6859375 0.92890625 0.396875 0.1390625