1 0.38515625 0.1265625 0.1203125 0.059375
1 0.28984375 0.8921875 0.0921875 0.0625
1 0.309375 0.56953125 0.1453125 0.0515625
1 0.2734375 0.865625 0.175 0.10625
1 0.278125 0.7953125 0.1484375 0.0859375
1 0.3109375 0.446875 0.1171875 0.0390625
1 0.30390625 0.509375 0.1109375 0.0359375
1 0.33125 0.2375 0.1921875 0.103125
1 0.29140625 0.61328125 0.1390625 0.0609375
1 0.31484375 0.359375 0.165625 0.08125
1 0.27578125 0.69140625 0.171875 0.08125
1 0.32265625 0.1625 0.2640625 0.15
2 0.3125 0.075 0.359375 0.15