1 0.50234375 0.634375 0.184375 0.1234375
1 0.4015625 0.95625 0.1015625 0.084375
1 0.35703125 0.60234375 0.153125 0.0921875
1 0.30859375 0.15078125 0.1453125 0.0890625
1 0.36640625 0.73828125 0.15 0.071875
1 0.31484375 0.28671875 0.1796875 0.1296875
1 0.303125 0.20390625 0.23125 0.15625
1 0.36015625 0.8390625 0.1671875 0.0875
1 0.31953125 0.5546875 0.1296875 0.06875
1 0.359375 0.93203125 0.178125 0.1328125
1 0.31171875 0.49453125 0.1515625 0.0828125
1 0.2921875 0.39140625 0.2 0.1125
2 0.23515625 0.09375 0.35625 0.171875