1 0.534375 0.46015625 0.0890625 0.1125
1 0.68359375 0.42265625 0.14375 0.0625
1 0.76328125 0.09140625 0.0890625 0.0640625
1 0.74453125 0.1921875 0.15 0.109375
1 0.59375 0.85 0.1234375 0.0828125
1 0.7234375 0.28984375 0.15 0.0921875
1 0.684375 0.48671875 0.10625 0.059375
1 0.7703125 0.12578125 0.15 0.109375
1 0.71875 0.375 0.15 0.084375
1 0.63359375 0.75078125 0.18125 0.1203125
1 0.6703125 0.63828125 0.153125 0.090625
1 0.63046875 0.81875 0.240625 0.1703125
2 0.634375 0.91015625 0.359375 0.1765625