1 0.49296875 0.50078125 0.121875 0.0703125
1 0.60546875 0.83984375 0.10625 0.053125
1 0.72421875 0.06875 0.090625 0.0515625
1 0.70234375 0.2796875 0.1625 0.075
1 0.6953125 0.3609375 0.1359375 0.06875
1 0.721875 0.17421875 0.1828125 0.0890625
1 0.65234375 0.73828125 0.1984375 0.1203125
1 0.69453125 0.40546875 0.1484375 0.0609375
1 0.6921875 0.46875 0.1171875 0.0546875
1 0.7421875 0.0984375 0.1546875 0.1078125
1 0.659375 0.8 0.221875 0.15625
1 0.684375 0.61796875 0.1796875 0.090625
2 0.68359375 0.91171875 0.4484375 0.1734375