1 0.50703125 0.5 0.125 0.08125
1 0.43046875 0.1515625 0.1078125 0.0625
1 0.23125 0.90546875 0.0921875 0.059375
1 0.27578125 0.6984375 0.165625 0.090625
1 0.29140625 0.61796875 0.1390625 0.08125
1 0.2453125 0.80078125 0.1859375 0.1078125
1 0.3734375 0.246875 0.2046875 0.1375
1 0.296875 0.5734375 0.15 0.075
1 0.30546875 0.5109375 0.11875 0.065625
1 0.2171875 0.87421875 0.1625 0.121875
1 0.37265625 0.18515625 0.23125 0.175
1 0.32890625 0.36328125 0.1828125 0.1078125
2 0.36328125 0.08984375 0.4578125 0.1796875