1 0.58046875 0.371875 0.234375 0.1421875
1 0.309375 0.0265625 0.109375 0.053125
1 0.2828125 0.83046875 0.2421875 0.1046875
1 0.27109375 0.95859375 0.115625 0.046875
1 0.265625 0.71484375 0.1984375 0.065625
1 0.26484375 0.76796875 0.1796875 0.071875
1 0.26875 0.4203125 0.171875 0.0390625
1 0.271875 0.0859375 0.328125 0.146875
1 0.26015625 0.66015625 0.2 0.0640625
1 0.2484375 0.48125 0.128125 0.025
1 0.2453125 0.6109375 0.1546875 0.053125
1 0.23671875 0.553125 0.1703125 0.053125
1 0.23828125 0.2875 0.1609375 0.078125
1 0.21875 0.92265625 0.1359375 0.0984375