1 0.684375 0.83203125 0.128125 0.0515625
1 0.61796875 0.06328125 0.08125 0.0484375
1 0.65546875 0.3953125 0.125 0.0546875
1 0.63984375 0.16484375 0.1546875 0.090625
1 0.6703125 0.4515625 0.1125 0.05
1 0.6546875 0.25859375 0.1515625 0.078125
1 0.68046875 0.51171875 0.1 0.046875
1 0.6453125 0.0953125 0.13125 0.0890625
1 0.665625 0.334375 0.1421875 0.075
1 0.70703125 0.71640625 0.1671875 0.10625
1 0.70078125 0.60546875 0.184375 0.096875
1 0.71875 0.77578125 0.221875 0.1296875
2 0.79375 0.903125 0.3953125 0.175