1 0.49140625 0.53984375 0.0515625 0.1296875
1 0.16796875 0.6375 0.0625 0.1109375
1 0.6015625 0.67109375 0.0453125 0.153125
1 0.93984375 0.68359375 0.05 0.0984375
1 0.82890625 0.68671875 0.090625 0.165625
1 0.6515625 0.68515625 0.05 0.1578125
1 0.903125 0.69609375 0.0953125 0.1484375
1 0.73984375 0.69375 0.0625 0.15
1 0.27578125 0.67890625 0.0890625 0.1828125
1 0.54375 0.6890625 0.034375 0.1109375
1 0.3921875 0.68828125 0.065625 0.1609375
1 0.2046875 0.684375 0.1203125 0.228125
2 0.08125 0.715625 0.1625 0.346875