1 0.63515625 0.39375 0.1265625 0.21875
1 0.57578125 0.64375 0.078125 0.1296875
1 0.90234375 0.69765625 0.0453125 0.065625
1 0.86640625 0.6953125 0.1296875 0.16875
1 0.378125 0.634375 0.0890625 0.16875
1 0.803125 0.7 0.109375 0.1796875
1 0.1265625 0.6046875 0.075 0.1203125
1 0.515625 0.66015625 0.05625 0.1203125
1 0.69921875 0.6921875 0.084375 0.146875
1 0.44375 0.66484375 0.1078125 0.1640625
1 0.23359375 0.63984375 0.13125 0.1953125
1 0.18046875 0.63828125 0.153125 0.2421875
2 0.06875 0.653125 0.1375 0.340625