1 0.62265625 0.6078125 0.215625 0.1546875
1 0.334375 0.16875 0.121875 0.06875
1 0.32890625 0.284375 0.15625 0.090625
1 0.3578125 0.60546875 0.1828125 0.0796875
1 0.3921875 0.93828125 0.0890625 0.059375
1 0.37734375 0.828125 0.1625 0.096875
1 0.31328125 0.21484375 0.2390625 0.1359375
1 0.359375 0.73828125 0.1609375 0.065625
1 0.33671875 0.54765625 0.109375 0.0453125
1 0.32890625 0.49140625 0.125 0.053125
1 0.36640625 0.90703125 0.18125 0.1078125
1 0.31328125 0.39609375 0.196875 0.0796875
2 0.2125 0.0984375 0.425 0.18125