1 0.5046875 0.82421875 0.253125 0.1453125
1 0.34765625 0.146875 0.125 0.0578125
1 0.34375 0.5890625 0.1203125 0.05
1 0.33046875 0.5359375 0.0890625 0.0421875
1 0.34765625 0.896875 0.16875 0.1078125
1 0.31328125 0.26328125 0.184375 0.1015625
1 0.346875 0.9265625 0.09375 0.059375
1 0.32109375 0.47734375 0.0984375 0.0453125
1 0.32421875 0.64375 0.1421875 0.0515625
1 0.3234375 0.71875 0.1453125 0.05625
1 0.29453125 0.1921875 0.253125 0.1375
1 0.303125 0.38046875 0.15625 0.0828125
2 0.27421875 0.08671875 0.390625 0.171875