1 0.575 0.6671875 0.2515625 0.065625
1 0.37421875 0.1453125 0.1 0.0390625
1 0.34375 0.9265625 0.0953125 0.0515625
1 0.35 0.47890625 0.1375 0.078125
1 0.3484375 0.53203125 0.0890625 0.0515625
1 0.3453125 0.72578125 0.153125 0.0484375
1 0.34609375 0.58671875 0.1109375 0.0765625
1 0.3359375 0.8203125 0.1484375 0.065625
1 0.33359375 0.8984375 0.1140625 0.0875
1 0.33359375 0.3828125 0.140625 0.0703125
1 0.32734375 0.2703125 0.1921875 0.1140625
1 0.32421875 0.196875 0.2078125 0.125
2 0.30078125 0.0796875 0.3453125 0.159375