1 0.46875 0.46875 0.08125 0.159375
1 0.16328125 0.64296875 0.0859375 0.16875
1 0.84609375 0.68515625 0.0875 0.1703125
1 0.74453125 0.684375 0.0796875 0.178125
1 0.94375 0.69765625 0.0609375 0.096875
1 0.26640625 0.66640625 0.109375 0.1828125
1 0.54296875 0.68359375 0.053125 0.1359375
1 0.653125 0.69140625 0.0625 0.13125
1 0.596875 0.68828125 0.0640625 0.15
1 0.91171875 0.71015625 0.096875 0.18125
1 0.39921875 0.6953125 0.0640625 0.1609375
1 0.209375 0.696875 0.146875 0.228125
2 0.0828125 0.721875 0.165625 0.390625