1 0.54375 0.6390625 0.1640625 0.1328125
1 0.3828125 0.14453125 0.1296875 0.040625
1 0.3390625 0.71875 0.1640625 0.078125
1 0.325 0.921875 0.103125 0.0484375
1 0.32734375 0.815625 0.1515625 0.084375
1 0.315625 0.89453125 0.1734375 0.10625
1 0.3375 0.584375 0.146875 0.0640625
1 0.3375 0.53125 0.1234375 0.04375
1 0.33359375 0.46796875 0.125 0.0484375
1 0.3265625 0.37578125 0.18125 0.0578125
1 0.3328125 0.25625 0.1875 0.0984375
1 0.33046875 0.18671875 0.25 0.1390625
2 0.2609375 0.0734375 0.425 0.146875