1 0.4890625 0.58515625 0.0390625 0.084375
1 0.9375 0.71953125 0.0609375 0.0921875
1 0.1609375 0.62578125 0.059375 0.1078125
1 0.59296875 0.68046875 0.05625 0.1265625
1 0.7375 0.7125 0.078125 0.1390625
1 0.64921875 0.703125 0.06875 0.140625
1 0.83125 0.7265625 0.096875 0.15
1 0.89921875 0.7359375 0.1078125 0.1609375
1 0.2703125 0.6625 0.10625 0.190625
1 0.53515625 0.69453125 0.0484375 0.096875
1 0.39140625 0.68515625 0.0921875 0.1921875
1 0.19296875 0.6671875 0.1375 0.2421875
2 0.0859375 0.70703125 0.171875 0.3578125