1 0.38203125 0.928125 0.1015625 0.0640625
1 0.34609375 0.15390625 0.1 0.0453125
1 0.35625 0.82421875 0.1578125 0.059375
1 0.34453125 0.5921875 0.109375 0.04375
1 0.34609375 0.9015625 0.178125 0.0765625
1 0.33515625 0.4734375 0.1 0.0390625
1 0.33828125 0.64453125 0.09375 0.040625
1 0.32890625 0.26484375 0.1921875 0.0875
1 0.3328125 0.534375 0.090625 0.0328125
1 0.32890625 0.73828125 0.1578125 0.09375
1 0.3125 0.384375 0.165625 0.06875
1 0.30546875 0.196875 0.2171875 0.096875
2 0.23515625 0.08203125 0.425 0.1625