1 0.75546875 0.58671875 0.0796875 0.140625
1 0.84296875 0.5640625 0.103125 0.1484375
1 0.95234375 0.53984375 0.0921875 0.1109375
1 0.19375 0.74375 0.11875 0.1703125
1 0.63046875 0.63046875 0.0671875 0.1375
1 0.67421875 0.62109375 0.078125 0.14375
1 0.91640625 0.5578125 0.1046875 0.1578125
1 0.57265625 0.65078125 0.04375 0.0796875
1 0.3109375 0.7328125 0.1234375 0.1890625
1 0.4328125 0.70625 0.1109375 0.1609375
1 0.51796875 0.68828125 0.0796875 0.13125
1 0.25625 0.76171875 0.1671875 0.2328125
2 0.1453125 0.83046875 0.221875 0.3359375