1 0.6625 0.3921875 0.1140625 0.25625
1 0.1359375 0.5515625 0.0625 0.103125
1 0.26171875 0.60546875 0.0796875 0.1671875
1 0.79140625 0.70078125 0.109375 0.18125
1 0.89453125 0.71953125 0.05625 0.1
1 0.45078125 0.6421875 0.0609375 0.090625
1 0.5640625 0.66640625 0.0734375 0.14375
1 0.86171875 0.7203125 0.1046875 0.153125
1 0.70078125 0.69453125 0.090625 0.15
1 0.353125 0.63984375 0.103125 0.1796875
1 0.50234375 0.6671875 0.0625 0.115625
1 0.16796875 0.609375 0.1515625 0.2328125
2 0.07109375 0.63515625 0.1421875 0.3828125