1 0.28125 0.1765625 0.121875 0.06875
1 0.4140625 0.9359375 0.0953125 0.06875
1 0.33828125 0.621875 0.146875 0.0640625
1 0.390625 0.915625 0.18125 0.11875
1 0.37421875 0.84765625 0.153125 0.0984375
1 0.30390625 0.5046875 0.11875 0.0484375
1 0.315625 0.56640625 0.1125 0.0453125
1 0.26171875 0.29765625 0.196875 0.11875
1 0.33359375 0.66953125 0.140625 0.071875
1 0.28203125 0.41953125 0.16875 0.0953125
1 0.34140625 0.74921875 0.175 0.09375
1 0.23203125 0.22890625 0.271875 0.1703125
2 0.190625 0.12890625 0.3671875 0.215625