1 0.5203125 0.49609375 0.11875 0.0875
1 0.60390625 0.8359375 0.115625 0.0625
1 0.67421875 0.3984375 0.1625 0.0703125
1 0.73515625 0.075 0.10625 0.0671875
1 0.70859375 0.2734375 0.1578125 0.0796875
1 0.72890625 0.178125 0.1671875 0.096875
1 0.64765625 0.728125 0.19375 0.1203125
1 0.7546875 0.1046875 0.175 0.159375
1 0.6765625 0.61875 0.171875 0.1234375
1 0.6984375 0.484375 0.1140625 0.059375
1 0.7171875 0.37109375 0.1484375 0.0703125
1 0.659375 0.8 0.2703125 0.1828125
2 0.66796875 0.89296875 0.3609375 0.2109375