1 0.63203125 0.596875 0.225 0.1703125
1 0.30546875 0.184375 0.125 0.078125
1 0.3109375 0.30078125 0.1609375 0.1015625
1 0.36796875 0.6171875 0.1859375 0.09375
1 0.43046875 0.9453125 0.0921875 0.0671875
1 0.40625 0.8375 0.1671875 0.109375
1 0.2890625 0.23203125 0.2453125 0.1546875
1 0.38046875 0.75 0.1625 0.078125
1 0.34140625 0.56171875 0.1109375 0.0546875
1 0.328125 0.50625 0.128125 0.0625
1 0.403125 0.9171875 0.1875 0.121875
1 0.3046875 0.41328125 0.2 0.0953125
2 0.196875 0.125 0.39375 0.215625