1 0.13046875 0.6078125 0.0625 0.1328125
1 0.50859375 0.66796875 0.04375 0.1
1 0.5640625 0.67421875 0.05625 0.159375
1 0.44921875 0.66328125 0.059375 0.1484375
1 0.90625 0.715625 0.0921875 0.1078125
1 0.784375 0.7078125 0.1046875 0.1671875
1 0.86171875 0.71640625 0.0984375 0.16875
1 0.61171875 0.69140625 0.06875 0.146875
1 0.68359375 0.7 0.0734375 0.1515625
1 0.234375 0.65546875 0.1078125 0.184375
1 0.3578125 0.67578125 0.0546875 0.1484375
1 0.16640625 0.66484375 0.1296875 0.271875
2 0.07109375 0.6765625 0.1421875 0.396875