1 0.49921875 0.62734375 0.0796875 0.0625
1 0.14375 0.5828125 0.078125 0.121875
1 0.5796875 0.69296875 0.078125 0.15625
1 0.8984375 0.7734375 0.0578125 0.090625
1 0.69921875 0.728125 0.0875 0.140625
1 0.796875 0.7546875 0.1140625 0.18125
1 0.8828125 0.77578125 0.1359375 0.15
1 0.17578125 0.61328125 0.16875 0.2578125
1 0.6171875 0.7171875 0.0765625 0.153125
1 0.509375 0.69296875 0.0703125 0.103125
1 0.36328125 0.6609375 0.11875 0.175
1 0.2453125 0.63671875 0.1359375 0.1875
2 0.07890625 0.653125 0.1578125 0.409375