1 0.49921875 0.29453125 0.0859375 0.0859375
1 0.15703125 0.67265625 0.06875 0.103125
1 0.6 0.6546875 0.0609375 0.1484375
1 0.90625 0.65390625 0.103125 0.1765625
1 0.82265625 0.6609375 0.0828125 0.1578125
1 0.540625 0.67578125 0.040625 0.0984375
1 0.48046875 0.6796875 0.046875 0.1078125
1 0.72421875 0.66796875 0.0796875 0.159375
1 0.64609375 0.6796875 0.0640625 0.1484375
1 0.27578125 0.70546875 0.084375 0.190625
1 0.38984375 0.70390625 0.0703125 0.1609375
1 0.19921875 0.71875 0.134375 0.24375
2 0.08671875 0.746875 0.16875 0.3921875