1 0.45859375 0.46484375 0.1359375 0.0765625
1 0.36875 0.16484375 0.1265625 0.0703125
1 0.29375 0.934375 0.0859375 0.065625
1 0.30078125 0.81953125 0.16875 0.1203125
1 0.309375 0.65234375 0.1625 0.0546875
1 0.3109375 0.59765625 0.134375 0.0484375
1 0.29765625 0.7375 0.14375 0.0765625
1 0.309375 0.5390625 0.096875 0.0421875
1 0.32109375 0.39609375 0.1640625 0.075
1 0.27265625 0.90703125 0.153125 0.1171875
1 0.3328125 0.20703125 0.2109375 0.1203125
1 0.32109375 0.2625 0.23125 0.13125
2 0.2640625 0.0734375 0.4 0.146875