1 0.665625 0.8421875 0.121875 0.06875
1 0.63828125 0.1640625 0.1609375 0.053125
1 0.65234375 0.396875 0.13125 0.05
1 0.6609375 0.51015625 0.1171875 0.053125
1 0.64140625 0.090625 0.1484375 0.1171875
1 0.675 0.721875 0.184375 0.08125
1 0.65390625 0.26328125 0.1328125 0.05
1 0.64453125 0.06484375 0.0984375 0.0515625
1 0.66640625 0.45078125 0.0921875 0.0484375
1 0.6859375 0.78671875 0.21875 0.1296875
1 0.6640625 0.34921875 0.1796875 0.053125
1 0.6796875 0.60234375 0.1625 0.05625
2 0.74453125 0.91484375 0.3203125 0.1578125