1 0.48046875 0.52109375 0.0484375 0.0609375
1 0.190625 0.68203125 0.06875 0.14375
1 0.965625 0.63203125 0.046875 0.08125
1 0.628125 0.66640625 0.075 0.1515625
1 0.57421875 0.6765625 0.040625 0.1046875
1 0.86015625 0.653125 0.09375 0.1703125
1 0.9328125 0.646875 0.115625 0.1578125
1 0.29765625 0.703125 0.0984375 0.165625
1 0.7640625 0.6671875 0.071875 0.14375
1 0.6859375 0.67734375 0.0671875 0.1234375
1 0.234375 0.72109375 0.134375 0.225
1 0.4234375 0.71015625 0.0765625 0.18125
2 0.1046875 0.7734375 0.19375 0.359375