1 0.46796875 0.5421875 0.084375 0.1109375
1 0.3203125 0.58671875 0.14375 0.0546875
1 0.25859375 0.92109375 0.0875 0.0609375
1 0.271875 0.8203125 0.1484375 0.103125
1 0.3875 0.15546875 0.121875 0.078125
1 0.28828125 0.72109375 0.1484375 0.0859375
1 0.31640625 0.5234375 0.1046875 0.0546875
1 0.25 0.8875 0.1484375 0.1046875
1 0.28828125 0.63671875 0.15 0.0765625
1 0.353125 0.25703125 0.1796875 0.1125
1 0.32265625 0.37109375 0.1515625 0.0828125
1 0.353125 0.18828125 0.2375 0.1609375
2 0.34453125 0.0890625 0.3515625 0.178125