1 0.47734375 0.58984375 0.0296875 0.115625
1 0.17890625 0.65859375 0.0328125 0.0875
1 0.92421875 0.671875 0.11875 0.1390625
1 0.96171875 0.67578125 0.059375 0.090625
1 0.846875 0.67734375 0.08125 0.1609375
1 0.62890625 0.68046875 0.06875 0.1796875
1 0.7609375 0.68046875 0.0515625 0.1484375
1 0.22109375 0.6859375 0.103125 0.19375
1 0.2984375 0.68984375 0.096875 0.1796875
1 0.55234375 0.69140625 0.0453125 0.125
1 0.68046875 0.69140625 0.0625 0.1265625
1 0.41484375 0.6953125 0.0984375 0.2
2 0.09375 0.7546875 0.1875 0.4109375