1 0.540625 0.50234375 0.1328125 0.0625
1 0.68828125 0.80703125 0.115625 0.071875
1 0.653125 0.37265625 0.1546875 0.059375
1 0.6125 0.03671875 0.1015625 0.0578125
1 0.6328125 0.14609375 0.171875 0.103125
1 0.659375 0.32109375 0.1609375 0.0640625
1 0.63046875 0.071875 0.1546875 0.1078125
1 0.65390625 0.2328125 0.1546875 0.075
1 0.71171875 0.69375 0.1890625 0.1046875
1 0.6796875 0.42734375 0.1125 0.04375
1 0.703125 0.5765625 0.165625 0.078125
1 0.728125 0.76328125 0.2375 0.1390625
2 0.7796875 0.88671875 0.359375 0.2015625