1 0.75078125 0.21484375 0.1671875 0.103125
1 0.76875 0.1359375 0.1375 0.096875
1 0.78125 0.08515625 0.1375 0.096875
1 0.6125 0.87578125 0.115625 0.0625
1 0.7046875 0.5015625 0.1484375 0.0984375
1 0.71640625 0.44609375 0.1953125 0.1296875
1 0.69296875 0.56171875 0.1640625 0.1015625
1 0.678125 0.64296875 0.196875 0.1125
1 0.74921875 0.31015625 0.1671875 0.1234375
1 0.65703125 0.76796875 0.1859375 0.1203125
1 0.73671875 0.3953125 0.1296875 0.0734375
1 0.6734375 0.83125 0.2546875 0.1703125
2 0.70625 0.91875 0.415625 0.159375