1 0.91875 0.6484375 0.04375 0.0890625
1 0.8125 0.66875 0.078125 0.1703125
1 0.13515625 0.64765625 0.0765625 0.15
1 0.5875 0.66328125 0.04375 0.1359375
1 0.8921875 0.67890625 0.109375 0.1625
1 0.6359375 0.6703125 0.05625 0.13125
1 0.4734375 0.665625 0.0515625 0.1265625
1 0.25703125 0.66328125 0.1015625 0.19375
1 0.72578125 0.6828125 0.0921875 0.171875
1 0.19296875 0.66640625 0.121875 0.23125
1 0.52109375 0.678125 0.0390625 0.0984375
1 0.37578125 0.68359375 0.075 0.1703125
2 0.065625 0.6953125 0.13125 0.340625