1 0.70390625 0.47109375 0.0953125 0.0953125
1 0.28125 0.184375 0.1109375 0.08125
1 0.3609375 0.6203125 0.153125 0.0796875
1 0.40390625 0.9234375 0.1859375 0.125
1 0.3859375 0.8421875 0.165625 0.103125
1 0.33203125 0.56484375 0.1015625 0.053125
1 0.31953125 0.50546875 0.1125 0.059375
1 0.36484375 0.7453125 0.1671875 0.1
1 0.34296875 0.66953125 0.153125 0.0828125
1 0.26484375 0.30703125 0.1984375 0.109375
1 0.2828125 0.41953125 0.1671875 0.0921875
1 0.2421875 0.2328125 0.25625 0.165625
2 0.20078125 0.12578125 0.4015625 0.2203125