1 0.45625 0.2109375 0.190625 0.1109375
1 0.70390625 0.82265625 0.1234375 0.0875
1 0.62890625 0.384375 0.1515625 0.0765625
1 0.65546875 0.4359375 0.090625 0.053125
1 0.71015625 0.7078125 0.1765625 0.1203125
1 0.63828125 0.33203125 0.1609375 0.084375
1 0.58671875 0.0515625 0.0828125 0.0640625
1 0.6734375 0.496875 0.1234375 0.059375
1 0.7296875 0.7765625 0.228125 0.153125
1 0.63046875 0.253125 0.1765625 0.0875
1 0.69765625 0.58515625 0.1625 0.0921875
1 0.615625 0.08125 0.1609375 0.1171875
2 0.78671875 0.88203125 0.3375 0.1953125