1 0.56328125 0.2140625 0.190625 0.1078125
1 0.57421875 0.87421875 0.121875 0.0859375
1 0.66171875 0.43828125 0.1515625 0.075
1 0.66796875 0.4953125 0.0890625 0.0515625
1 0.621875 0.76875 0.175 0.1171875
1 0.6890625 0.39296875 0.1609375 0.08125
1 0.74140625 0.1125 0.0828125 0.0625
1 0.66328125 0.559375 0.1234375 0.0578125
1 0.61484375 0.840625 0.2265625 0.15
1 0.71015625 0.31640625 0.1765625 0.084375
1 0.6546875 0.65 0.1625 0.0890625
1 0.75859375 0.15078125 0.1609375 0.1140625
2 0.63125 0.93125 0.3375 0.134375