1 0.59765625 0.6546875 0.25625 0.090625
1 0.32578125 0.16640625 0.103125 0.05
1 0.4046875 0.94375 0.0984375 0.0609375
1 0.34921875 0.5 0.14375 0.090625
1 0.3546875 0.55234375 0.0921875 0.0609375
1 0.378125 0.74453125 0.1578125 0.0640625
1 0.359375 0.60703125 0.1171875 0.0875
1 0.38203125 0.840625 0.153125 0.0796875
1 0.390625 0.91796875 0.121875 0.0984375
1 0.31875 0.40703125 0.146875 0.084375
1 0.296875 0.296875 0.203125 0.1328125
1 0.28359375 0.22421875 0.2203125 0.146875
2 0.24375 0.1078125 0.3578125 0.2