0 0.3765625 0.6890625 0.29375 0.203125
0 0.746875 0.765625 0.203125 0.290625
0 0.11015625 0.31484375 0.1875 0.3265625
0 0.796875 0.465625 0.2265625 0.3484375
0 0.42109375 0.8234375 0.3203125 0.2046875
0 0.321875 0.92734375 0.1984375 0.1171875
0 0.41484375 0.38828125 0.25 0.2484375
0 0.5109375 0.30078125 0.1953125 0.3484375
0 0.91328125 0.375 0.1703125 0.2375
0 0.1875 0.08984375 0.3 0.1796875
0 0.12734375 0.6484375 0.1984375 0.3296875
0 0.25234375 0.41640625 0.1546875 0.3421875
0 0.64453125 0.4859375 0.1515625 0.35