0 0.28359375 0.43671875 0.2421875 0.315625
0 0.31796875 0.8140625 0.3125 0.2421875
0 0.5640625 0.0953125 0.346875 0.190625
0 0.61953125 0.77421875 0.371875 0.2734375
0 0.16796875 0.51875 0.2484375 0.340625
0 0.05625 0.4546875 0.1125 0.2125
0 0.58203125 0.3859375 0.2796875 0.28125
0 0.69375 0.45234375 0.3671875 0.24375
0 0.74296875 0.8640625 0.25625 0.2125
0 0.81484375 0.11875 0.2484375 0.2375
0 0.24921875 0.18671875 0.35 0.24375
0 0.5078125 0.23828125 0.3546875 0.203125
0 0.55546875 0.63359375 0.3625 0.2015625