0 0.28671875 0.42578125 0.2296875 0.309375
0 0.30234375 0.80390625 0.30625 0.2296875
0 0.5859375 0.09375 0.340625 0.1875
0 0.6046875 0.7796875 0.3640625 0.2578125
0 0.1671875 0.5015625 0.234375 0.334375
0 0.05546875 0.43125 0.1109375 0.209375
0 0.5875 0.38984375 0.2703125 0.271875
0 0.6953125 0.4625 0.3625 0.228125
0 0.7234375 0.8765625 0.25 0.2015625
0 0.83671875 0.12578125 0.2359375 0.2515625
0 0.265625 0.17421875 0.3453125 0.2296875
0 0.52109375 0.2390625 0.3515625 0.1875
0 0.5484375 0.63671875 0.359375 0.1859375