2 0.9215487250000001 1 0.9502628765625 0.7725638609375001 0.8623559421874999 0.7618825625000001 0.8274307765625 1 0.9215487250000001 1
2 1 0.0984280484375 0.946190996875 0.0911429046875 0.9107898437499999 0.51669406875 1 0.5313806640625 1 0.0984280484375
2 0.3294401515625 0.651542665625 0.4890447359375 0.6742281 0.514224646875 0.43443356718750004 0.3757541796875 0.3995348359375 0.3294401515625 0.651542665625
2 0.4286897890625 0.9946831203125001 0.480025453125 0.731173615625 0.3199233515625 0.7116293765624999 0.27278273125 0.9702448828125 0.42455767343749995 0.994283671875 0.4286897890625 0.9946831203125001
2 0.3941350265625 0.3440938484375 0.5209230687499999 0.3517339609375 0.5742144109375 0.0354693921875 0.41200523437500003 0.029228728125 0.3941350265625 0.3440938484375
0 0.991684396875 0.5716497875 0.8890815046875 0.55273660625 0.8463987015625 0.7010029531249999 0.9501465359375001 0.753094690625 0.991684396875 0.5716497875
2 0.1422578171875 0.6413466421875 0.3107251421875 0.6686860609374999 0.3286613015625 0.43421933749999997 0.16945743124999998 0.409003921875 0.1422578171875 0.6413466421875
2 0.2065170765625 0 0.1677221015625 0.3795529546875 0.3669201375 0.4149033421875 0.39135225937499996 0 0.2065170765625 0
2 0.12052264531250001 0.6573548734375 0.07590455 0.9390624421875 0.2321451625 0.9638085249999999 0.2926115609375 0.6820321625 0.12052264531250001 0.6573548734375
2 0 0.9096064859374999 0.061218609375 0.93076726875 0.12571888125 0.4831211796875 0 0.4810276640625 0 0.9096064859374999
2 0.07295965625 0 0.011616859375 0.3873031828125 0.11267893124999999 0.4038225046875 0.17663813281250001 0 0.07295965625 0
2 0.7841345046875 1 0.8440252906250001 0.7563955109375 0.6811842203125 0.713737034375 0.635844621875 1 0.7841345046875 1
0 0.8631062046875 0.5551085234375 0.6997524609375 0.5156869390625001 0.6810678796875 0.69426786875 0.8033129015625 0.7103877875 0.8631062046875 0.5551085234375
2 0.733741534375 0.4627180453125 0.866383271875 0.49401053125 0.9097330343750001 0.0788849484375 0.7460212 0.082131659375 0.733741534375 0.4627180453125
2 0.7080663203124999 0.442991575 0.54270399375 0.4162517171875 0.519475928125 0.7043339109375 0.6380984203125 0.7231218687500001 0.7080663203124999 0.442991575
2 0.5649918421875 1 0.6309817515625 0.768054753125 0.4837515203125 0.7278518390625 0.444298009375 0.9971552203125 0.44880151875 0.9981235203125 0.4606491453125 1 0.5649918421875 1
2 0.5174981546875 0.373358021875 0.7032110312500001 0.41303555468750003 0.7636329609375 0.071953925 0.5830784578125 0.040115109375 0.5174981546875 0.373358021875