2 1 0.0938254890625 0.7881117703125 0.059523753125 0.7743690703125 0.1470043640625 1 0.18818825625 1 0.0938254890625
2 0.1137763734375 0 0.1069638109375 0.039811903125 0.5310202578125 0.09004301249999999 0.5490566484375 0.0001772984375 0.5481445265625 0 0.1137763734375 0
2 0.645497896875 0.6757447109375 0.6737396312499999 0.5170290625 0.434969940625 0.4834957828125 0.3952599203125 0.62066395 0.645497896875 0.6757447109375
2 0.9918930828124999 0.5885309624999999 0.7303356890625 0.528030221875 0.7052158734375 0.687352709375 0.9620286546875001 0.7434901640625 0.9913496687500001 0.5926466203125 0.9918930828124999 0.5885309624999999
2 0.3404941875 0.6003594375 0.3525544859375 0.4739152671875 0.0383424171875 0.40961891406250006 0.026444535937500003 0.5715114812500001 0.3404941875 0.6003594375
0 0.5887656781249999 0.011115665625 0.566283228125 0.11299599375 0.7129696484375 0.16082721718749998 0.7686504000000001 0.058960559375 0.5887656781249999 0.011115665625
2 0.628775515625 0.8624571828125 0.6619777046875 0.695046615625 0.42827977500000003 0.6689386109375 0.397523584375 0.8271654937499999 0.628775515625 0.8624571828125
2 0 0.777222078125 0.368029996875 0.8278719421874999 0.41031076093749996 0.6300289625 0 0.5914596015625 0 0.777222078125
2 0.6440154484375 0.8847377921874999 0.9239942593749999 0.9391601609375 0.9541779859374999 0.7838783515625 0.6746835203125 0.713614934375 0.6440154484375 0.8847377921874999
2 0.8972967671875001 1 0.9151916078125 0.9535476562499999 0.4700692390625 0.8734640546874999 0.4635395875 1 0.8972967671875001 1
2 0 0.9121681921875 0.370327509375 0.9841525687500001 0.3903637828125 0.8837285765624999 0 0.8078495437500001 0 0.9121681921875
2 1 0.230766290625 0.7682456296875 0.1651323546875 0.7199300703125 0.3263854671875 1 0.38082554687500003 1 0.230766290625
0 0.5677471781250001 0.13903825 0.52264864375 0.3009166890625 0.700468703125 0.3258222734375 0.7208450921875 0.20421429687499998 0.5677471781250001 0.13903825
2 0.47089821875000004 0.2650997328125 0.506800771875 0.1336308890625 0.0934409578125 0.07581986093750001 0.09097222968749999 0.2395452734375 0.47089821875000004 0.2650997328125
2 0.45028771250000005 0.2900708625 0.41779308281249994 0.4543992484375 0.7048891375 0.48766708750000004 0.7278055140624999 0.369772546875 0.45028771250000005 0.2900708625
2 1 0.4518639765625 0.7724626578125 0.378453015625 0.7271459734375 0.5241904953125001 0.9949083953125 0.573018525 0.9960332749999999 0.5685515515625 1 0.5481445203125 1 0.4518639765625
2 0.3740458453125 0.4780927640625 0.42018049375000005 0.29387774375000003 0.08141533749999999 0.22158904375000002 0.04329465625 0.40092239999999996 0.3740458453125 0.4780927640625