2 0.012075175 0 0.01618549375 0.2927531921875 0.104723471875 0.29109626093749996 0.10638227656250002 0.0149675859375 0.0457531859375 0 0.012075175 0
2 0 0.967557584375 0.1150532125 0.9669759109375 0.09088456875 0.54063929375 0 0.5384995421875 0 0.967557584375
2 0.647809309375 0.32619479375 0.4866007828125 0.32594279843749996 0.49503886875 0.5669080328125 0.6370187171875 0.5821957671875 0.647809309375 0.32619479375
2 0.501769640625 0.00020663906250000002 0.4876070078125 0.26829623125 0.6488710390625 0.265368359375 0.6595605671875 0.0027089765625000002 0.5059171359375 0.000027120312500000003 0.501769640625 0.00020663906250000002
2 0.6265326453125 0.6396553265625 0.49991519687499997 0.6497350515625 0.4911580046875 0.9703384765624999 0.6526571046874999 0.9539432546875 0.6265326453125 0.6396553265625
0 0.00312891875 0.497476746875 0.1073654921875 0.5019263031250001 0.128998221875 0.349162575 0.0190102875 0.3120166984375 0.00312891875 0.497476746875
2 0.8345890109375 0.31024084531249996 0.6639562859375 0.3066136109375 0.678826140625 0.5412947515625001 0.8399899578125 0.5441078765625 0.8345890109375 0.31024084531249996
2 0.84580718125 0.5730307171875 0.643627903125 0.5657473656249999 0.67743478125 0.9831970515625 0.86094264375 0.9735907265625 0.84580718125 0.5730307171875
2 0.853884740625 0.291363453125 0.8588625000000001 0.0061878046875 0.7006984218750001 0.0034270406250000002 0.68003616875 0.2908764703125 0.853884740625 0.291363453125
2 1 0.036896390625 0.8745599828125 0.012358362500000001 0.8729877187499999 0.4646246921875 1 0.448926075 1 0.036896390625
2 0.88960684375 0.9612815953125 0.9922718109374999 0.947111053125 0.9993145953125 0.5436302625 0.89693700625 0.5413368281250001 0.88960684375 0.9612815953125
2 0.1535648 0 0.12363938125 0.2939787796875 0.29083260625 0.313559009375 0.296029490625 0.01582963125 0.1924948703125 0 0.1535648 0
0 0.13275789531249998 0.49596240468749997 0.300008315625 0.51226589375 0.2936573984375 0.3328225109375 0.1703585984375 0.3338726890625 0.13275789531249998 0.49596240468749997
2 0.2737218671875 0.5694496640625 0.1380159171875 0.5569218765625 0.152862346875 0.9740406046875 0.31452909375 0.9480412078124999 0.2737218671875 0.5694496640625
2 0.3018926046875 0.5854108578125 0.46936710625 0.588876496875 0.4522758265625 0.30036517812499997 0.33219298125 0.2982691234375 0.3018926046875 0.5854108578125
2 0.36797981874999997 0 0.33298694375000004 0.2527830734375 0.484379503125 0.2721042484375 0.48596886406250006 0 0.36797981874999997 0
2 0.50029729375 0.6278447796875 0.310869715625 0.6143996234375 0.2985051953125 0.9605709765625001 0.48173366093750003 0.966971609375 0.50029729375 0.6278447796875