2 0.42265625 0.75234375 0.228125 0.49375
2 0.090625 0.22109375 0.153125 0.4421875
2 0.5296875 0.25625 0.2203125 0.4703125
2 0.0625 0.709375 0.125 0.465625
2 0.56796875 0.7625 0.2171875 0.471875
2 0.67109375 0.25703125 0.2015625 0.4828125
2 0.73515625 0.31953125 0.1890625 0.4765625
2 0.68046875 0.77578125 0.1796875 0.4453125
0 0.83125 0.25390625 0.115625 0.15
0 0.8015625 0.478125 0.0875 0.159375
2 0.7734375 0.896875 0.153125 0.203125
0 0.87734375 0.43671875 0.115625 0.1703125
0 0.97734375 0.1765625 0.0421875 0.2
2 0.1671875 0.203125 0.1625 0.40625
2 0.1171875 0.72578125 0.20625 0.459375
2 0.27734375 0.2015625 0.1421875 0.403125
2 0.22109375 0.725 0.190625 0.4484375
2 0.3625 0.24609375 0.215625 0.4921875
2 0.328125 0.74453125 0.2109375 0.48125