2 0.51875 0.75546875 0.26875 0.4859375
2 0.05234375 0.35859375 0.1046875 0.5015625
2 0.440625 0.26171875 0.2578125 0.478125
2 0.13671875 0.8140625 0.2265625 0.36875
2 0.66171875 0.73046875 0.2546875 0.496875
2 0.5734375 0.228125 0.240625 0.45625
2 0.6546875 0.246875 0.2265625 0.4796875
2 0.7734375 0.70859375 0.215625 0.48125
0 0.72109375 0.1515625 0.125 0.15625
0 0.7734375 0.371875 0.1 0.1625
2 0.9 0.77890625 0.1671875 0.2234375
0 0.8296875 0.30625 0.1265625 0.1765625
0 0.85859375 0.059375 0.1171875 0.11875
2 0.08671875 0.321875 0.1734375 0.453125
2 0.2234375 0.80625 0.24375 0.384375
2 0.18125 0.2921875 0.175 0.4203125
2 0.32109375 0.790625 0.2265625 0.415625
2 0.27578125 0.29921875 0.2546875 0.5234375
2 0.428125 0.771875 0.25 0.453125